10	350693	0.312405
10	796468	0.00605144
10	1224581	0.532526
10	1279272	0.889561
10	1393592	0.506808
10	1449377	0.0786687
10	2102433	0.253404
10	4667529	0.146747
10	4911158	0.229198
10	5034016	0.0945537
10	5420851	0.0567322
10	5550768	0.00680787
10	5663691	0.333585
10	6417724	0.179274
10	6747521	0.0945537
10	7165106	0.313162
10	7545524	0.114977
10	9604930	0.372163
10	10232427	0.386536
10	11699441	0.918306
10	13269807	0.440242
10	13389006	0.161876
10	14340610	0.0363086
10	15551279	0.0847201
10	15735617	0.18003
10	16988787	0.164902
10	18788390	0.2118
10	20036177	0.829047
10	20162462	0.0733737
10	21192389	0.27534
10	21521210	0.01059
10	24215163	0.506051
10	25599875	0.0400908
10	26983024	0.515885
10	27130625	0.875189
10	27336671	0.270045
10	27903768	0.468986
10	28702072	0.670197
10	28921788	0.0627837
10	29060698	0.00832073
10	29770786	0.816944
10	29827355	0.00907716
10	30472411	0.118759
10	31731063	0.7882
10	32379600	0.823752
10	33467539	0.334342
10	33874231	0.177005
10	37217312	0.0461422
10	38167038	0.879728
10	38677789	0.525719
10	42382342	0.280635
10	44548259	0.00907716
10	48500100	0.25416
10	48907434	0.0885023
10	52540483	0.223903
10	53798924	0.213313
10	54225761	0.201967
10	55030395	0.274584
10	55814018	0.196672
10	56937275	0.0582451
10	58224183	0.0552194
10	59261217	0.769289
10	59334656	0.207262
10	64152808	0.00378215
10	64657502	0.0136157
10	65327084	0.496974
10	66437582	0.641452
10	67025536	0.394856
10	67572596	0
10	67827726	0.118003
10	67890325	0.015885
10	68272893	0.290469
10	68746991	0.763994
10	70068577	0.61649
10	71135074	0.158094
10	72323275	0.0824508
10	72717030	0.0597579
10	73030775	0.663389
10	73094420	0.765507
10	73731768	0.119516
10	74308804	0.488654
10	78316240	0.515129
10	78978242	0.0453858
10	79543819	0.0953101
10	80400029	0.259455
10	80462933	0.0219365
10	80845405	0.0953101
10	81417283	0.449319
10	82232706	0.29879
10	82510574	0.265507
10	84676590	0.546142
10	85212217	0.153555
10	85345465	0.127837
10	86083579	0.03177
10	86795027	0.6059
10	86858515	0.0302572
10	87726722	0.02118
10	89172143	0.364599
10	89435483	0.0400908
10	90760606	0.324508
10	90904111	0.675492
10	91121907	0.593041
10	93729736	0.00605144
10	94155846	0.0408472
10	95361588	0.0544629
10	95504610	0.898638
10	95641485	0.347958
10	97029366	0.0181543
10	97329911	0.223903
10	98212575	0.55295
10	98441768	0.234493
10	98968967	0.248109
10	100302852	0.0779123
10	101084483	0.744327
10	101635461	0.948563
10	102024311	0.198185
10	102925367	0.897882
10	105255614	0.0196672
10	106767803	0.249622
10	107067938	0.41528
10	109007002	0.884266
10	109411682	0.152799
10	109471620	0.596823
10	110158050	0.590772
10	110348376	0.685325
10	111935290	0.254917
10	113225327	0.503026
10	113600635	0.291225
10	115559957	0.385779
10	115978451	0.228442
10	117079200	0.108926
10	117424380	0.206505
10	118272726	0.745083
10	120197496	0.167927
10	121220708	0.132375
10	121286692	0.133132
10	122535834	0.721634
10	122956484	0.697428
10	123758376	0.826778
10	125064283	0.484115
10	126303408	0.00302572
10	126436717	0.184569
10	126966739	0.02118
10	127789214	0.329803
10	128043377	0.29652
10	129160313	0.187595
10	129273257	0.311649
10	129516607	0.723903
10	130754229	0.414523
10	130871039	0.187595
10	131370520	0.403177
10	133324790	0.0219365
10	134687912	0.0242057
10	135051653	0.103631
11	512205	0.0763994
11	1370090	0.336611
11	2337693	0.248109
11	3583802	0.84947
11	4163558	0.797277
11	4548812	0.27534
11	5399218	0.193646
11	5877909	0.409985
11	6920970	0.556732
11	7260691	0.444024
11	7825508	0.225416
11	8505492	0.180787
11	9010737	0.355522
11	9157925	0.503782
11	10137703	0.125567
11	11046259	0.015885
11	11400282	0.135401
11	12324679	0.19289
11	13202953	0.00680787
11	13412302	0.0832073
11	14035961	0.107413
11	14418295	0.0983359
11	15412448	0.185325
11	16805048	0.960666
11	18118146	0.546899
11	18180856	0.143722
11	18938732	0.108169
11	19064316	0.0113464
11	19532199	0.390318
11	20176986	0.0295008
11	20316949	0.403933
11	22138887	0.140696
11	22535284	0.177005
11	22672739	0.465204
11	22806648	0.416793
11	23331591	0.329047
11	23462469	0.0204236
11	23909957	0.390318
11	24253072	0.0461422
11	24704375	0.173222
11	25443005	0.841906
11	25871796	0.411498
11	25996594	0.406959
11	26237368	0.0854765
11	26302294	0.30711
11	26653102	0.586233
11	27098784	0.113464
11	27171577	0.140696
11	30302923	0.213313
11	30739896	0.142965
11	31892201	0.221634
11	32384813	0.268533
11	32516917	0.374433
11	33622297	0.68003
11	34255541	0.83888
11	35847990	0.0295008
11	36254509	0.00302572
11	38306518	0.0779123
11	38451400	0.0325265
11	38579027	0.219365
11	40549546	0.357791
11	42162777	0.276853
11	42917230	0.3941
11	43880489	0.0378215
11	44018804	0.369894
11	46194744	0.0416036
11	48535224	0.316188
11	49073527	0.175492
11	49963338	0.291225
11	54992728	0.189107
11	56309093	0.109682
11	57020427	0.304841
11	57945418	0.505295
11	61519986	0.0234493
11	62821139	0.0143722
11	63966927	0.44705
11	65587651	0.214826
11	66893474	0.0771558
11	68628743	0.197428
11	68693438	0.149017
11	68927048	0.545386
11	71122931	0.832829
11	71296482	0.34947
11	71526834	0.311649
11	73368875	0.226929
11	76348651	0.0718608
11	77038903	0.82829
11	77745268	0.266263
11	77877416	0.295008
11	79209202	0.380484
11	79459484	0.212557
11	80748693	0.0128593
11	82992895	0.191377
11	83204471	0.765507
11	83563436	0.960666
11	83755359	0.221634
11	84647430	0.0355522
11	85305353	0.250378
11	86095816	0.120272
11	86834507	0.208018
11	87507771	0.113464
11	87802413	0.133888
11	87871776	0.273071
11	88347843	0.0937973
11	90375731	0.320726
11	90899786	0.204236
11	91090006	0.0650529
11	91332680	0.213313
11	91599345	0.270802
11	92760614	0.173222
11	93726072	0.115734
11	95350518	0.588502
11	96576270	0.571861
11	96760757	0.0771558
11	98185572	0.389561
11	98804820	0.808623
11	99999990	0.136157
11	100067600	0.452345
11	100469602	0.16112
11	101684475	0.00529501
11	102641172	0.0113464
11	102701858	0.411498
11	103078496	0.943268
11	103223596	0.248109
11	103359977	0.0537065
11	103997165	0.115734
11	104062886	0.205749
11	104133611	0.343419
11	104643968	0.0960666
11	105432666	0.742814
11	105751330	0.332073
11	105921407	0.157337
11	106215204	0.30711
11	106882092	0.211044
11	107161550	0.779123
11	108327218	0.288956
11	108404835	0.618759
11	108911002	0.37292
11	115090866	0.0711044
11	115163665	0.132375
11	116948442	0.22239
11	118477367	0.903933
11	119337241	0.0779123
11	119928883	0.2118
11	120196433	0.472012
11	121491307	0.124811
11	121790358	0.165658
11	123063082	0.390318
11	124124775	0.0408472
11	124717445	0.385023
11	126844664	0.117247
11	127107790	0.00151286
11	127664003	0.18003
11	130412175	0.297277
11	130934769	0.223903
11	134035927	0.0272315
12	1845237	0.163389
12	2310551	0.23525
12	3204209	0.667171
12	3374920	0.308623
12	3782894	0.114977
12	4063750	0.572617
12	5057389	0.0355522
12	6203674	0.311649
12	6260583	0.995461
12	6509888	0.562027
12	6838903	0.919818
12	6906828	0.699697
12	8229296	0.588502
12	9123932	0.219365
12	10024791	0.773071
12	10154249	0.434191
12	10705835	0.0801815
12	11348886	0.406203
12	14468638	0.543117
12	15285379	0.080938
12	17354283	0.145234
12	17572718	0.188351
12	17708675	0.0378215
12	18193198	0.0816944
12	19421678	0.579425
12	20013193	0.173979
12	20632922	0.103631
12	21017796	0.355522
12	21144501	0.742814
12	21207758	0.11649
12	23992411	0.223903
12	24139829	0.112708
12	24207780	0.425113
12	25701401	0.567322
12	25983265	0.390318
12	26051954	0.636157
12	27000195	0.00907716
12	27448496	0.316188
12	27963546	0.379728
12	28803717	0.226929
12	30412447	0.208018
12	30722566	0.465204
12	30877035	0.183056
12	32019875	0.399395
12	32274186	0.0181543
12	32852949	0.173222
12	33398254	0.435703
12	34807751	0.706505
12	38851616	0.0620272
12	39891709	0.00378215
12	40176306	0.070348
12	41042285	0.111952
12	41952824	0.832829
12	42017686	0.100605
12	42633736	0.906203
12	43220260	0.106657
12	43637442	0.394856
12	43708380	0.413011
12	44232358	0.0590015
12	44299900	0.332829
12	47180934	0.0128593
12	47452341	0.238275
12	47524884	0.0741301
12	47735500	0.191377
12	48850910	0.113464
12	49274072	0.664145
12	51402039	0.762481
12	52671254	0.239788
12	52732289	0.385779
12	53140663	0.540847
12	54951612	0.443268
12	55738427	0.51059
12	57771153	0.00983359
12	58249243	0.0922844
12	58638082	0.124054
12	59509020	0.806354
12	60822764	0.207262
12	60965789	0.218608
12	61293469	0.216339
12	62732091	0.344932
12	63901810	0.119516
12	64116159	0.462935
12	64756199	0.303328
12	65696970	0.0181543
12	66886984	0.333585
12	70616839	0.532526
12	71887872	0.930408
12	72271979	0.133132
12	72656061	0.189107
12	73580623	0.366868
12	74748775	0.00907716
12	75947644	0.0242057
12	76661543	0.400151
12	78986074	0.798033
12	80899399	0.568835
12	81049471	0.621029
12	81128242	0.832073
12	83277316	0.0219365
12	85009391	0.409228
12	85083256	0.643722
12	85526857	0.804841
12	87220089	0.421331
12	88709906	0.118759
12	89673619	0.118003
12	90327378	0.0279879
12	90652912	0.149773
12	91995524	0.0196672
12	92673669	0.583964
12	93691888	0.107413
12	94418479	0.217852
12	97024189	0.638427
12	98313651	0.0438729
12	99995011	0.871407
12	100984151	0.0370651
12	103495151	0.762481
12	103786854	0.325265
12	105600935	0.0786687
12	105809061	0.215582
12	106724838	0.335855
12	110483175	0.0930408
12	111670682	0.863086
12	112252649	0.119516
12	113517571	0.282905
12	114400816	0.295764
12	115755506	0.258699
12	116230062	0.52118
12	117330844	0.443268
12	117943164	0.0930408
12	118074271	0.177761
12	118946852	0.391074
12	119443891	0.255673
12	119515037	0.496218
12	120085962	0.854009
12	121045431	0.0423601
12	123815654	0.964448
12	124843104	0.392587
12	125194596	0.933434
12	125255890	0.385023
12	125437160	0.108926
12	126031728	0.00529501
12	126542537	0.291225
12	127476192	0.155068
12	127977825	0.0945537
12	129914524	0.0854765
12	130700107	0.0302572
12	131169111	0.354766
12	131519976	0.159607
12	132003924	0.13767
12	133839693	0.0612708
13	20209229	0.139183
13	20709820	0.28593
13	21312766	0.300303
13	21799149	0.0900151
13	22219062	0.00151286
13	22533434	0.0665658
13	22590897	0.8941
13	23552967	0.237519
13	25315664	0.183812
13	26669990	0.350227
13	26944492	0.226929
13	27339783	0.569592
13	27867501	0.211044
13	27999457	0.156581
13	29256505	0.127837
13	30672179	0.0340393
13	31641565	0.204236
13	31763174	0.30711
13	32594429	0.155068
13	33556000	0.254917
13	33624553	0.504539
13	35310522	0.136157
13	36238035	0.0658094
13	36302201	0.518911
13	36369373	0.168684
13	39420075	0.367625
13	39886443	0.121029
13	41278121	0.0930408
13	42098529	0.250378
13	43290922	0.0559758
13	44471983	0.105144
13	46414329	0.564297
13	48551920	0.125567
13	48694730	0.525719
13	49313075	0.246596
13	50159165	0.327534
13	53764479	0.00983359
13	54375907	0.0544629
13	55498715	0.73525
13	56152565	0.449319
13	58620938	0.165658
13	58689340	0.167171
13	60894203	0.0476551
13	61655731	0.81997
13	62670009	0.181543
13	64001706	0.374433
13	64755965	0.2118
13	64953501	0.427383
13	67228119	0.773828
13	68134671	0.0499244
13	68196572	0.611952
13	69195335	0.431921
13	70178061	0.0423601
13	70520688	0.272315
13	70721292	0.0930408
13	71846268	0.102118
13	73654292	0.0347958
13	73730549	0.835098
13	73944832	0.758699
13	74159570	0.163389
13	74310094	0.544629
13	74666946	0.503026
13	75227254	0.464448
13	75504546	0.101362
13	78545425	0.248865
13	80033764	0.469743
13	81313057	0.25643
13	81982181	0.484115
13	82416455	0.752648
13	83955005	0.0295008
13	84886948	0.255673
13	85225571	0.00453858
13	85296920	0.409985
13	85365099	0.838124
13	87686087	0.196672
13	88085955	0.0151286
13	88770442	0.0075643
13	88843221	0.176248
13	89060355	0.179274
13	89783381	0.658094
13	90731067	0.14826
13	91503379	0.33888
13	91572636	0.176248
13	92812514	0.608926
13	93132543	0.00832073
13	93984669	0.462935
13	95911944	0.287443
13	97499189	0.234493
13	98797401	0.229955
13	99470990	0.00983359
13	99539298	0.416793
13	100533880	0.165658
13	100969934	0.0416036
13	101183282	0.223903
13	101525269	0.00075643
13	102208542	0.83056
13	103499715	0
13	105451250	0.545386
13	106141952	0.0590015
13	106392687	0.472012
13	108615603	0.247352
13	109084338	0.118003
13	109523857	0.400908
13	112294615	0.525719
13	112808664	0.0658094
13	112962633	0.119516
13	113432165	0.298033
13	113536467	0.0892587
13	113819948	0.0121029
14	20540257	0.102118
14	22223502	0.22466
14	22660734	0.206505
14	22837758	0.125567
14	23033488	0.281392
14	24323140	0.147504
14	24394908	0.23525
14	24932363	0.0476551
14	26445434	0.118003
14	28228855	0.00529501
14	28301623	0.945537
14	28513378	0.01059
14	29059048	0.00529501
14	31146905	0.20121
14	31305197	0.278366
14	31449190	0.176248
14	33075243	0.701967
14	33147765	0.497731
14	33633155	0.0143722
14	35869791	0.0476551
14	36037687	0.200454
14	37261090	0.0847201
14	39111935	0.0718608
14	39318321	0.304085
14	39667038	0.268533
14	40965575	0.03177
14	41518144	0.23298
14	45103712	0.201967
14	45382277	0.22239
14	46626462	0.221634
14	47784609	0.0423601
14	47922676	0.189864
14	52835834	0.186838
14	53836643	0.189864
14	54492146	0.00302572
14	55635323	0.820726
14	55988436	0.0537065
14	56391127	0.147504
14	58257515	0
14	58391797	0.107413
14	59079206	0.0650529
14	59648420	0.283661
14	61021891	0.0544629
14	62328624	0.218608
14	62603546	0.0718608
14	63835496	0.227685
14	64343666	0.26475
14	65880621	0.0400908
14	66519137	0.217095
14	68199598	0.0885023
14	68603731	0.311649
14	68766811	0.223903
14	69004042	0.278366
14	70794929	0.33056
14	70867934	0.198941
14	72211948	0.980333
14	73541651	0.183812
14	73844020	0.00983359
14	74362935	0.236006
14	76065176	0.766263
14	77343692	0.206505
14	77412065	0.227685
14	78038642	0.465961
14	78178947	0.448563
14	78468576	0.829047
14	78606993	0.0302572
14	79100775	0.12708
14	79617175	0.0113464
14	81128903	0.0635401
14	86529551	0.291225
14	87260189	0.81997
14	87891966	0.416036
14	88152814	0.124054
14	88424606	0.0173979
14	88496081	0.0249622
14	88696303	0.450832
14	88760692	0.0673222
14	89424174	0.402421
14	89818914	0.129349
14	90607403	0.0605144
14	91019216	0.0582451
14	91157113	0.0446294
14	91734164	0.419062
14	92523786	0.449319
14	92992485	0.233737
14	93256048	0.106657
14	93327438	0.0355522
14	94201926	0.822995
14	94323978	0.350227
14	94632298	0.546899
14	94906822	0.0431165
14	95018415	0.308623
14	96256471	0.725416
14	96448367	0.405446
14	96682783	0.257942
14	96894369	0.0499244
14	98619868	0.14826
14	98792879	0.153555
14	98904960	0.902421
14	99018688	0.0567322
14	99197967	0.334342
14	99266231	0.0242057
14	99392241	0.167171
14	99718105	0.249622
14	101399787	0.694402
14	101529142	0.347958
14	101584142	0.997731
14	103076595	0.767776
14	103835128	0.25643
14	104038418	0.195159
14	104166783	0.255673
14	104624993	0.551437
14	104954376	0.112708
14	107171282	0.847958
15	23129027	0.070348
15	24257659	0.343419
15	24315868	0.180787
15	24367547	0.0514372
15	24417499	0.184569
15	24461695	0.684569
15	25908369	0.0748865
15	26151685	0.360817
15	26262096	0.133888
15	26443944	0.375189
15	28982127	0.588502
15	31700985	0.453858
15	33204419	0.23525
15	34291660	0.147504
15	35001752	0.677761
15	35069208	0.0491679
15	35138500	0.216339
15	35294435	0.831316
15	35825595	0.19062
15	37646848	0.315431
15	37710619	0.0559758
15	39508200	0.126324
15	39627146	0.0907716
15	42579686	0.676248
15	42645892	0.20348
15	43972629	0.649773
15	44538660	0.676248
15	45526949	0.336611
15	45688603	0.00151286
15	47206675	0.252647
15	48178096	0.220877
15	49506758	0.245083
15	51475652	0.0151286
15	52759420	0.0885023
15	53943440	0.293495
15	55403672	0.581694
15	55465381	0.260212
15	57388279	0.979576
15	57646861	0.938729
15	60476994	0.0468986
15	60797128	0.191377
15	61553374	0.84115
15	62077220	0.416036
15	62605621	0.366868
15	63641427	0.0597579
15	63779752	0.342663
15	64358722	0.124054
15	66379744	0.189864
15	67634862	0.0363086
15	68628601	0.663389
15	69481071	0.126324
15	69628947	0.714826
15	69854306	0.0847201
15	70127606	0.213313
15	70391638	0.485628
15	70598562	0.209531
15	71704609	0.458396
15	71774871	0.696672
15	74241749	0.153555
15	74952342	0.279123
15	79051721	0.0688351
15	79848929	0.524206
15	79916695	0.209531
15	80581390	0.499244
15	80778586	0.115734
15	83254070	0.795764
15	85428604	0.306354
15	86207049	0.251135
15	86376655	0.0272315
15	86700316	0.580938
15	89094866	0.251135
15	89273097	0.100605
15	89449627	0.79879
15	89511981	0.0650529
15	90867363	0.522693
15	91710038	0.860817
15	91897748	0.409985
15	92869283	0.556732
15	93555717	0.0453858
15	93776485	0.701967
15	95611011	0.00605144
15	96673900	0.133132
15	97571833	0.988654
15	98310219	0.815431
15	98901916	0.431165
15	99215615	0.263238
15	99832891	0.03177
15	100407427	0.345688
15	100707770	0.0181543
15	100955951	0.524962
15	101017490	0.300303
15	101900364	0.108926
16	991002	0.721634
16	1173368	0.175492
16	1485255	0.56354
16	1744736	0.129349
16	3382058	0.716339
16	4766831	0.254917
16	5499768	0.0642965
16	5619469	0.524206
16	6266321	0.819213
16	6526273	0.0960666
16	6858183	0.316944
16	6988871	0.369894
16	7015903	0.167171
16	7532478	0.0453858
16	10433449	0.326778
16	10704535	0.0272315
16	10896769	0.782905
16	11006543	0.468986
16	11288428	0.621785
16	11395915	0.114221
16	11450111	0.159607
16	11533043	0.183812
16	12452944	0.149017
16	12986597	0.318457
16	13888105	0.165658
16	14051776	0.556732
16	15850912	0.118003
16	15915724	0.114221
16	16879328	0.337368
16	17020134	0.549924
16	17280770	0.434191
16	17987625	0.170197
16	18119013	0.0590015
16	19359642	0.370651
16	20545986	0.211044
16	23303517	0.280635
16	24027018	0.00226929
16	24310100	0.192133
16	24375802	0.640696
16	25285100	0.562784
16	25633443	0.00680787
16	25699761	0.41528
16	26793098	0.698185
16	27034474	0.537821
16	29216321	0.332829
16	31558110	0.312405
16	31790668	0.246596
16	34401335	0.01059
16	46412650	0.380484
16	47974543	0.392587
16	48821420	0.450832
16	49157100	0.484871
16	49370208	0
16	49984049	0.208018
16	50047925	0.102118
16	50481811	0.210287
16	52455456	0.0476551
16	52971779	0.837368
16	53188669	0.65053
16	53508507	0.609682
16	53659461	0.357791
16	53736998	0.01059
16	54952312	0.20348
16	55202592	0.0688351
16	56327744	0.0128593
16	56552173	0.15885
16	56733874	0.0128593
16	57565469	0.84947
16	58086101	0.372163
16	58227983	0.440242
16	58909324	0.284418
16	59501684	0.0854765
16	59574268	0.496974
16	64348270	0.0408472
16	65844795	0.176248
16	66034795	0.677761
16	66162454	0.159607
16	68008679	0.211044
16	69478082	0.278366
16	70021457	0.0226929
16	70167808	0.209531
16	71965230	0.0484115
16	72155580	0.0355522
16	73009698	0.270802
16	74173179	0.130106
16	74300016	0.0438729
16	74427366	0.0272315
16	76276174	0.119516
16	77481986	0.096823
16	77587083	0.664902
16	78076222	0.188351
16	78649717	0.77534
16	79129543	0.524962
16	79167548	0.467474
16	79203866	0.16944
16	80409383	0.0582451
16	80503223	0.218608
16	81035637	0.329047
16	81455658	0.435703
16	81508633	0.00832073
16	81654451	0.0718608
16	82157889	0.943268
16	82292326	0.652042
16	82421716	0.181543
16	82819444	0.161876
16	83262240	0.161876
16	83302526	0.106657
16	83554505	0.176248
16	85259223	0.569592
16	85932351	0.401664
16	86075101	0.015885
16	86117695	0.218608
16	87361393	0.0151286
16	87410826	0.00378215
16	87669882	0.605144
16	87779664	0.0242057
16	87869540	0.149773
16	88362812	0.0839637
16	88651295	0.114977
16	89170679	0.587746
17	970601	0.766263
17	2324664	0.188351
17	2456469	0.524962
17	3078354	0.161876
17	3756724	0.927383
17	4602937	0.481846
17	4992114	0.361573
17	5199038	0.65885
17	5270712	0.240545
17	5406110	0.118003
17	5737066	0.539334
17	6171630	0.136157
17	6420022	0.172466
17	6560596	0.662632
17	9787936	0.247352
17	10025825	0.400908
17	10219774	0.0491679
17	10775044	0.827534
17	13542902	0.0953101
17	15247523	0.601362
17	16859829	0.142209
17	16992544	0.075643
17	17130237	0.798033
17	17742904	0.610439
17	18815547	0.260968
17	20459319	0.369894
17	21144074	0.299546
17	25714761	0.262481
17	26047381	0.834342
17	27610597	0.392587
17	28534469	0.644478
17	28924585	0.507564
17	29284214	0.79879
17	30038259	0.481089
17	30316385	0.0355522
17	31624706	0.115734
17	32802236	0.397882
17	32923347	0.272315
17	33832308	0.791225
17	33981704	0.981846
17	34198593	0.271558
17	35338366	0.564297
17	35901374	0.121029
17	36499795	0.466717
17	37004449	0.250378
17	38418212	0.167171
17	38718890	0.586989
17	39081713	0.564297
17	39146734	0.67171
17	40480498	0.273071
17	43421720	0.0423601
17	44242759	0.0113464
17	45045894	0.305598
17	46010380	0.0590015
17	47226651	0.460666
17	47374886	0.0733737
17	47916797	0.875946
17	49018764	0.26702
17	49900684	0.262481
17	50634521	0.0295008
17	50701041	0.536309
17	51039815	0.260968
17	52030913	0.455371
17	52928603	0.149017
17	54095803	0.48941
17	55100114	0.689107
17	55871251	0.443268
17	57816578	0.387292
17	58589355	0.334342
17	58983549	0.813162
17	60326449	0.409985
17	60709277	0.230711
17	62025238	0.0559758
17	63276780	0.152042
17	63980599	0.0136157
17	64690492	0.0726172
17	65171122	0.322995
17	68927276	0.130106
17	70903286	0.706505
17	71352518	0.00453858
17	71607027	0.284418
17	72462466	0.972012
17	72974577	0.322995
17	74103599	0.961422
17	74306274	0.153555
17	74938488	0.284418
17	76933645	0.170197
17	77266813	0.526475
17	78037029	0.291225
17	78634810	0.0242057
17	78919131	0.0832073
17	79020533	0.120272
17	79217478	0.0794251
17	80084080	0.558245
18	369148	0.101362
18	630796	0.202723
18	826506	0
18	1531453	0.0347958
18	2638079	0.0363086
18	3101520	0.269289
18	4673119	0.305598
18	5255457	0.816944
18	6534934	0.151286
18	6729022	0.532526
18	7301170	0.303328
18	8206173	0.653555
18	8575945	0.0491679
18	9714212	0.153555
18	9977469	0.0143722
18	10344914	0.199697
18	10714679	0.105144
18	12104380	0.0128593
18	12317836	0.530257
18	13354105	0.245083
18	13421467	0.477307
18	14293150	0.188351
18	20647610	0.988654
18	20718897	0.581694
18	23138200	0.44705
18	24094016	0.604387
18	24174719	0.27761
18	24246324	0.0960666
18	24469653	0.18003
18	24537524	0.422844
18	25002462	0.22239
18	25155168	0.350983
18	26127280	0.253404
18	26345969	0.200454
18	27141815	0.847201
18	27972066	0.195159
18	29700550	0.269289
18	30301116	0.161876
18	30620082	0.145234
18	31100421	0.25416
18	32097329	0.220877
18	33599720	0.0075643
18	34229142	0.122542
18	35798082	0.390318
18	37575759	0.101362
18	37647852	0.139183
18	38509084	0.748109
18	39414215	0.103631
18	39705550	0.704992
18	40625780	0.00151286
18	45693972	0.434947
18	45833032	0.219365
18	46043029	0.207262
18	47957890	0.503026
18	48434110	0.812405
18	48942264	0.687595
18	49955005	0.945537
18	50151945	0.861573
18	50216372	0.293495
18	50498354	0.00605144
18	50688149	0.299546
18	51204980	0.621029
18	53577346	0.683812
18	55279262	0.0635401
18	57704598	0.608169
18	59382077	0.326021
18	60255742	0.461422
18	61409858	0.76475
18	62223552	0.206505
18	63497191	0.0567322
18	66951620	0.19289
18	67018798	0.860817
18	68140526	0.355522
18	68774209	0.212557
18	69640864	0.215582
18	70365058	0.462179
18	70430094	0.0408472
18	71137317	0.41528
18	74094506	0.259455
18	75005559	0.173222
18	75126203	0.568835
18	75324205	0.154312
18	76072218	0.00378215
18	76286878	0.0249622
18	77574374	0.266263
19	295847	0.962179
19	488391	0.19062
19	4034206	0.236762
19	4658607	0.0310136
19	4781380	0.164902
19	5355331	0.902421
19	6370208	0.850983
19	6621851	0.145234
19	6739710	0.229198
19	7202049	0.0242057
19	7264927	0.0771558
19	7773933	0.597579
19	7897593	0.0151286
19	8098940	0.0151286
19	12482705	0.528744
19	12545425	0.478064
19	12824015	0.527231
19	13682490	0.136914
19	13746693	0.544629
19	14568691	0.0514372
19	14952238	0.142209
19	15135741	0.502269
19	15683159	0.0173979
19	16154910	0.688351
19	16549890	0.223147
19	16759015	0.207262
19	17842205	0.0181543
19	18375035	0.215582
19	18708414	0.449319
19	18978119	0.186838
19	19393714	0.193646
19	19533880	0.00832073
19	20046102	0.253404
19	20858625	0.1823
19	20925144	0.0287443
19	21831057	0.00907716
19	22794881	0.118003
19	23371470	0.79879
19	28893873	0.426626
19	29326179	0.185325
19	29866045	0.285174
19	29919576	0.717095
19	30099457	0.875189
19	30700193	0.402421
19	30916121	0.587746
19	32103145	0.326021
19	34321992	0.238275
19	35852880	0.841906
19	36828217	0.257942
19	37162125	0.365356
19	37651470	0.280635
19	37732815	0.161876
19	39430501	0.200454
19	40501915	0.234493
19	40886187	0.210287
19	43126969	0.360817
19	43919808	0.285174
19	44279789	0.170953
19	44437979	0.223903
19	45346069	0.106657
19	46726745	0.286687
19	51685706	0.250378
19	53234323	0.378971
19	53389871	0.0854765
19	53629844	0.0446294
19	53813678	0.346445
19	54562177	0.990923
19	54726226	0.780635
19	55147816	0.174735
19	55324171	0.163389
19	55384356	0.825265
19	55994708	0.026475
19	56350716	0.741301
19	57464875	0.370651
19	57842974	0.781392
19	58279845	0.310893
1	1032388	0.0476551
1	1323947	0.13767
1	2025441	0.0892587
1	2623326	0.587746
1	3227170	0.168684
1	3644858	0.467474
1	4235768	0.693646
1	4473263	0.0506808
1	7095222	0.292738
1	8228694	0.571861
1	9139627	0.918306
1	10004882	0.398638
1	11252716	0.65053
1	11839435	0.667171
1	14197525	0.00680787
1	15459546	0.183056
1	16451413	0.884266
1	16869901	0.262481
1	17062016	0.633132
1	19308155	0.467474
1	19903728	0.00832073
1	20586380	0.975038
1	21143733	0.631619
1	21307744	0.100605
1	21830340	0.356278
1	24861049	0.250378
1	25876340	0.15053
1	28088583	0.623298
1	28555426	0.67171
1	29491088	0.29879
1	29644184	0.0877458
1	30064687	0.200454
1	30525681	0.208018
1	30773656	0.173979
1	31255905	0.729955
1	32241227	0.35174
1	33538614	0.30711
1	34141355	0.990923
1	34277722	0.988654
1	34486225	0.126324
1	35242436	0.580182
1	36851843	0.0514372
1	37584326	0.198185
1	40152676	0.664902
1	40447053	0.0642965
1	40987301	0.0620272
1	42606766	0.251891
1	42757030	0.740545
1	46647972	0.662632
1	47386720	0.192133
1	49127598	0.232224
1	52190145	0.12708
1	53568099	0.211044
1	53845440	0.73525
1	54956262	0.197428
1	56787384	0.3177
1	57627874	0.197428
1	57767050	0.639939
1	58413084	0.230711
1	58853266	0.131619
1	62607616	0.0718608
1	63042126	0.307867
1	63285033	0.0711044
1	64029606	0.882753
1	64647608	0.573374
1	64793352	0.258699
1	65723174	0.22239
1	66129646	0.453101
1	66805270	0.015885
1	67003458	0.0635401
1	67287174	0.197428
1	67675883	0.225416
1	68473073	0.439486
1	69786186	0.575643
1	72479322	0.0431165
1	73106029	0.0181543
1	73180606	0.295008
1	73322657	0.647504
1	73763426	0.239032
1	73837417	0.503026
1	74474583	0.103631
1	74699099	0.0181543
1	76689130	0.205749
1	77130386	0.683812
1	77475915	0.0393343
1	78694556	0.186082
1	79391605	0.27534
1	79589631	0.0347958
1	80054305	0.191377
1	80270404	0.100605
1	80477722	0.121785
1	80613801	0.0574887
1	80946753	0.142965
1	81150907	0.565053
1	81341758	0.146747
1	81745893	0.00832073
1	82136226	0.0143722
1	83114950	0.20121
1	83550156	0.0998487
1	84112765	0.276853
1	84324834	0.075643
1	84574282	0.285174
1	85203196	0.693646
1	85346224	0.343419
1	85488757	0.346445
1	86407018	0.00832073
1	86478662	0.0400908
1	86992947	0.0136157
1	91093014	0.833586
1	91699151	0.02118
1	91929916	0.0453858
1	93179175	0.872163
1	94319732	0.273828
1	94595597	0.184569
1	95048936	0.0242057
1	95713758	0.0416036
1	96395343	0.15053
1	96470185	0.585477
1	96847486	0.136914
1	96917491	0.015885
1	98407367	0.147504
1	98774293	0.295764
1	99928109	0.287443
1	100286952	0.675492
1	100612675	0.310893
1	101883032	0.247352
1	102411194	0.453101
1	102484197	0.0930408
1	104880306	0.0234493
1	105046945	0.576399
1	105289465	0.38351
1	108582810	0.118003
1	108884883	0.431165
1	109804813	0.198941
1	110334812	0.108926
1	111208422	0.635401
1	111795352	0.248109
1	111990736	0.0552194
1	113042549	0.189107
1	113571836	0.72466
1	114057949	0.0075643
1	114574233	0.996974
1	114705427	0.603631
1	117621281	0.0779123
1	117765699	0.425113
1	119375130	0.360817
1	119446001	0.0121029
1	119895261	0.196672
1	143517337	0.686838
1	146652118	0.0605144
1	149065406	0.206505
1	151932375	0.903177
1	152764795	0.445537
1	153140359	0.147504
1	155940948	0.196672
1	160258242	0.233737
1	161559327	0.577912
1	161700231	0.987141
1	163717209	0.127837
1	164540861	0.623298
1	165150126	0.101362
1	165216783	0.0226929
1	166660101	0.462935
1	168455065	0.119516
1	171396584	0.391831
1	171690238	0.00680787
1	171762125	0.242814
1	171915057	0.0121029
1	173098695	0.355522
1	173576971	0.699697
1	173666177	0.347201
1	174488230	0.759455
1	175299301	0.841906
1	177780156	0.480333
1	178924615	0.301815
1	179363275	0.161876
1	179428362	0.153555
1	180530769	0.195915
1	182040959	0.0998487
1	182189739	0.732224
1	183371192	0.242057
1	183610416	0.18003
1	183765630	0.369894
1	184205634	0.959909
1	185188793	0.701967
1	185761151	0.329047
1	187250261	0.897126
1	189067463	0.677005
1	189802438	0.152799
1	190622633	0.773828
1	191106026	0.444781
1	193935950	0.00983359
1	194349410	0.141452
1	194542413	0.173979
1	195217561	0.0627837
1	196126735	0.0605144
1	198288709	0.763994
1	198751393	0.00605144
1	199741049	0.403177
1	199971363	0.748865
1	201080369	0.0567322
1	201326838	0.602874
1	202027755	0.0514372
1	202098078	0.133888
1	203487892	0.146747
1	203989800	0.101362
1	204413748	0.354009
1	204625007	0.773071
1	204906600	0.397882
1	205334476	0.258699
1	205620895	0.0204236
1	208072697	0.0877458
1	208280881	0.602118
1	209999051	0.508321
1	210387562	0.392587
1	211002395	0.153555
1	211142834	0.00605144
1	212444904	0.369894
1	213050887	0.752648
1	215012412	0.14826
1	215095955	0.20348
1	215845310	0.0597579
1	216049162	0.325265
1	216184427	0.509834
1	216674316	0.555976
1	217022299	0.361573
1	217356154	0.226172
1	217415162	0.236762
1	217474401	0.0574887
1	219974057	0.20121
1	221603142	0.121785
1	222234225	0.00226929
1	222542529	0.492436
1	226000303	0.218608
1	226367874	0.00075643
1	226602510	0.29652
1	227333175	0.261725
1	227983336	0.20348
1	228193931	0.0325265
1	229823966	0.174735
1	230594749	0.220877
1	232695646	0.310893
1	232892425	0.229198
1	233030248	0.118003
1	234410343	0.111952
1	234812041	0.0075643
1	235160328	0.0287443
1	237138582	0.312405
1	237481988	0.291982
1	238157240	0.726929
1	238506357	0.368381
1	239569350	0.75643
1	241880580	0.00302572
1	243451405	0.209531
1	246308279	0.815431
1	246647966	0.186082
1	247267668	0.3941
1	247611413	0.201967
1	248143743	0.183056
1	248266382	0.247352
1	248525330	0.228442
20	138620	0.0423601
20	779237	0.181543
20	1405756	0.636157
20	1474481	0.22239
20	1539350	0.947806
20	2024688	0.808623
20	2089036	0.501513
20	2631075	0.572617
20	2842102	0.434191
20	3638518	0.0128593
20	4188267	0.0476551
20	4395778	0.34115
20	4532711	0.335098
20	5058088	0.213313
20	6336546	0.300303
20	8407440	0.517398
20	10092626	0.279879
20	11857213	0.72239
20	12577504	0.0219365
20	12700976	0.16944
20	13492998	0.100605
20	13877161	0.434947
20	14523712	0.0816944
20	15747063	0.0816944
20	18065024	0.0559758
20	18721378	0.126324
20	19200608	0.187595
20	20019147	0.350227
20	21934525	0.602118
20	23312692	0.406959
20	24728125	0.384266
20	25280781	0.450076
20	25708759	0.473525
20	31289047	0.624811
20	33971085	0.306354
20	34346502	0.318457
20	37152920	0.276853
20	37294883	0.866868
20	37366096	0.142965
20	37820996	0.0423601
20	39876567	0.00907716
20	40784747	0.468986
20	42554374	0.22466
20	43265604	0.451589
20	43794070	0.112708
20	44228051	0.127837
20	46280584	0.379728
20	46404712	0.108926
20	47047747	0.217852
20	47341907	0.3941
20	47924908	0.165658
20	48924164	0.847201
20	49741474	0.161876
20	50062586	0.183056
20	50328487	0.998487
20	51450612	0.242057
20	52213648	0.882753
20	52628524	0.20121
20	53609874	0.454614
20	54372682	0.20121
20	56052598	0.0189107
20	56230137	0.310893
20	56528352	0.00605144
20	58284254	0.16112
20	59722734	0.0597579
20	60130351	0.782148
20	60289603	0.220877
20	60989365	0.100605
21	11138265	0.506051
21	15632001	0.397126
21	15954528	0.197428
21	16679853	0.220121
21	16812630	0.621029
21	16940401	0.403177
21	17001763	0.528744
21	18431308	0.875946
21	18537161	0.0642965
21	18583786	0.192133
21	19066540	0.956127
21	19491628	0.0325265
21	19563425	0.664145
21	19636897	0.267776
21	20246704	0.263238
21	21212781	0.313162
21	21848069	0.599849
21	21963752	0.630106
21	22135991	0.524206
21	22784738	0.292738
21	23536587	0.176248
21	23932413	0.850983
21	24120742	0.582451
21	24253712	0.193646
21	24389489	0.102118
21	24456769	0.177005
21	24996901	0.198185
21	25300358	0.752648
21	28828764	0.0786687
21	29694821	0.728442
21	29765916	0.799546
21	31186894	0.070348
21	31249960	0.233737
21	31381148	0.108169
21	33924375	0.17171
21	34517455	0.26475
21	36689751	0.159607
21	37377631	0.347958
21	38724829	0.0393343
21	39731391	0.121029
21	40080260	0.784418
21	40221279	0.450832
21	40350931	0.617247
21	40627020	0.204992
21	40828382	0.220121
21	41415044	0.29879
21	41601422	0.763994
21	41849478	0.17171
21	42356817	0.0287443
21	42612880	0.297277
21	43161805	0.249622
21	44632427	0.22239
21	44923645	0.311649
21	45141115	0.865356
21	46252318	0.0544629
21	46454595	0.587746
21	46905041	0.102118
21	46947477	0.465204
21	47718633	0.327534
22	17747278	0.00832073
22	18237906	0.0143722
22	19050878	0.73525
22	19535132	0.0521936
22	19962769	0.444781
22	21560491	0.00680787
22	22534363	0.321483
22	23056273	0.350983
22	23103832	0.386536
22	23551151	0.27761
22	24119331	0.216339
22	25692224	0.44705
22	26190291	0.643722
22	27120203	0.149017
22	27257220	0.146747
22	27672797	0.0121029
22	29273028	0.213313
22	29512730	0.199697
22	29934547	0.0143722
22	31037602	0.871407
22	31336149	0.541604
22	32736667	0.305598
22	32860250	0.157337
22	34105222	0.434947
22	35997971	0.0983359
22	37070055	0.645991
22	37381343	0.112708
22	37509087	0.33888
22	37569796	0.274584
22	38071511	0.199697
22	38196837	0.854009
22	39264805	0.263994
22	39894549	0.352496
22	41374107	0.015885
22	43095457	0.847201
22	43540978	0.389561
22	45261328	0.943268
22	45858278	0.16112
22	45981504	0.0627837
22	46591845	0.0801815
22	46657798	0.655824
22	46719357	0.186838
22	46815928	0.474281
22	47130782	0.185325
22	47613543	0.375946
22	47774429	0.212557
22	48679288	0.0196672
22	49467981	0.0718608
22	49560321	0.400151
22	50618066	0.164145
2	258210	0.184569
2	854963	0.207262
2	1152946	0.602118
2	1810457	0.0476551
2	2191758	0.176248
2	2728385	0.0113464
2	3674077	0.0597579
2	4169089	0.215582
2	5859603	0.367625
2	6334830	0.56354
2	6582822	0.111195
2	7164812	0.0673222
2	7582762	0.112708
2	8093026	0.329803
2	9918758	0.549168
2	10239208	0.0514372
2	10739651	0.773071
2	10988517	0.161876
2	12043319	0.0128593
2	12169010	0.139183
2	12930405	0.121785
2	14350328	0.759455
2	15227430	0.839637
2	16176894	0.470499
2	18072528	0.289713
2	18145021	0.0590015
2	18465890	0.34115
2	18529866	0.462179
2	19099097	0.708018
2	19514419	0.112708
2	19856960	0.687595
2	20042121	0.130862
2	23337884	0.19289
2	23544311	0.0801815
2	24168188	0.30938
2	25100738	0.797277
2	25956445	0.322995
2	26960055	0.00453858
2	28145313	0.199697
2	28481632	0.236006
2	29436633	0.485628
2	29698164	0.74584
2	29823352	0.928896
2	30342750	0.781392
2	30741913	0.417549
2	30941795	0.968986
2	32192141	0.153555
2	33098558	0.312405
2	33228292	0.096823
2	34142201	0.506051
2	34644214	0.291982
2	35557894	0.292738
2	36870416	0.12708
2	37235324	0.270045
2	37302180	0.0953101
2	38524487	0.268533
2	38993777	0.518911
2	40927841	0.388048
2	42442163	0.236006
2	42497913	0.0597579
2	45542306	0.631619
2	45803035	0.774584
2	46400604	0.58472
2	47119806	0.0423601
2	48040784	0.01059
2	48744928	0.162632
2	48861343	0.0658094
2	51326497	0.0658094
2	52346248	0.12708
2	52644607	0.070348
2	52808561	0.442511
2	54584738	0.863086
2	54844970	0.106657
2	55034113	0.994705
2	56108333	0.440242
2	56622818	0.7882
2	57247562	0.00680787
2	57306578	0.149017
2	57479702	0.00832073
2	57718298	0.288956
2	58892049	0.162632
2	59433022	0.727685
2	59896923	0.782148
2	60538243	0.624054
2	60739061	0.630106
2	64820733	0.294251
2	65448897	0.518154
2	66414782	0.403933
2	67608838	0.114221
2	69361621	0.00151286
2	70459227	0.909985
2	71214755	0.142965
2	71270035	0.439486
2	71469011	0.944781
2	72339870	0.272315
2	73419367	0.29652
2	75458058	0.697428
2	75979892	0.230711
2	76363928	0.0491679
2	76760870	0.794251
2	77367890	0.434191
2	78459643	0.604387
2	80053619	0.197428
2	81104506	0.586233
2	81230361	0.0196672
2	81851587	0.0597579
2	82124086	0.16112
2	83762070	0.590772
2	83841825	0.130106
2	86923434	0.267776
2	87291652	0.568835
2	89833145	0.301815
2	98393894	0.0249622
2	99379459	0.393343
2	101104652	0.145234
2	101303625	0.269289
2	102431663	0.080938
2	102511761	0.198941
2	102984624	0.670953
2	103335754	0.00302572
2	103561126	0.399395
2	103633789	0.257942
2	104127109	0.393343
2	106012413	0.188351
2	107219263	0.822239
2	107951720	0.195159
2	108536524	0.567322
2	110278197	0.217095
2	112400825	0.0113464
2	113608823	0.153555
2	114479646	0.0733737
2	115063111	0.420575
2	116825042	0.204236
2	117094197	0.149017
2	117894381	0.773828
2	118019225	0.0537065
2	118160828	0.167927
2	118350241	0.177005
2	118406824	0.410741
2	119631220	0.00605144
2	119886918	0.583207
2	121001451	0.234493
2	121835283	0.662632
2	122665583	0.409228
2	123332354	0.761725
2	123973769	0.248109
2	124095615	0.760212
2	124275175	0.624054
2	125083298	0.422844
2	125551558	0.421331
2	126169657	0.448563
2	126766935	0.0990923
2	126839337	0.0219365
2	127517228	0.365356
2	128110082	0.273071
2	128660235	0.147504
2	130179831	0.0514372
2	132766337	0.0476551
2	133435305	0.881997
2	133506387	0.191377
2	133644246	0.685325
2	134783395	0.0650529
2	135053117	0.155068
2	135342391	0.110439
2	135576890	0.0869894
2	138071239	0.0302572
2	138622180	0.799546
2	139499973	0.816188
2	139919694	0.112708
2	141627898	0.242814
2	142075788	0.304085
2	142199474	0.00605144
2	143249298	0.16112
2	143692887	0.262481
2	143916311	0.401664
2	144062815	0.311649
2	145186749	0.0226929
2	146573408	0.689107
2	151320822	0.210287
2	151835317	0.57413
2	152135415	0.0514372
2	152892606	0.617247
2	153345413	0.02118
2	154993640	0.357035
2	155364830	0.385779
2	159061166	0.0166415
2	159615541	0.0151286
2	162352888	0.706505
2	162432494	0.00226929
2	162741508	0.00907716
2	163036308	0.210287
2	165050549	0.302572
2	165999040	0.448563
2	167331603	0.612708
2	168224154	0.631619
2	168848831	0.695159
2	169352260	0.897126
2	169634963	0.00680787
2	170479662	0.197428
2	170778696	0.132375
2	173248951	0.239788
2	174831023	0.138427
2	175079597	0.607413
2	177804944	0.546899
2	178551511	0.470499
2	178697529	0.00605144
2	179639297	0.75643
2	180261951	0.0907716
2	181271753	0.121029
2	181409601	0.0279879
2	181917754	0.0620272
2	182441862	0.387292
2	183052913	0.518911
2	184365753	0.251135
2	184503365	0.540091
2	187104885	0.102874
2	188539571	0.763238
2	191294529	0.416793
2	192163406	0.32829
2	192678266	0.16112
2	192986104	0.33888
2	193219056	0.108926
2	194228442	0.901664
2	194463663	0.893343
2	195671235	0.283661
2	198561735	0.282905
2	204173571	0.866112
2	206071402	0.258699
2	209057517	0.216339
2	209622211	0.217095
2	209944440	0.365356
2	210375378	0.630106
2	214003871	0.0537065
2	216300795	0.417549
2	216523201	0.225416
2	216886889	0.77761
2	216959230	0.0635401
2	218711738	0.621785
2	219420694	0.197428
2	220612810	0.284418
2	221166863	0.0612708
2	222064941	0.278366
2	222267191	0.263238
2	222407442	0.712557
2	223873299	0.23525
2	224009048	0.923601
2	225131678	0.789713
2	228104454	0.513616
2	229252098	0.0325265
2	231425650	0.359304
2	232507685	0.0121029
2	232985546	0.197428
2	233937896	0.0173979
2	234574613	0.112708
2	234829120	0.0257186
2	235648975	0.511346
2	236394141	0.314675
2	238554999	0.801815
2	239798594	0.41528
2	239941638	0.13767
2	241005516	0.179274
2	242327076	0.00832073
2	242759777	0.786687
3	259457	0.16112
3	3030223	0.84115
3	3089219	0.288956
3	3533727	0.742814
3	3979796	0.267776
3	5094952	0.313918
3	5325924	0.335855
3	5433969	0.346445
3	5934444	0.808623
3	7428082	0.252647
3	7954629	0.0635401
3	8817758	0.652799
3	8882406	0.310893
3	9274068	0.242057
3	9553006	0.376702
3	10132460	0.397882
3	10320968	0.370651
3	10448426	0.875189
3	13150039	0.0907716
3	13715876	0.0166415
3	14309514	0.485628
3	14428788	0.923601
3	14826422	0.108926
3	15173371	0.100605
3	16161153	0.17171
3	16845144	0.568835
3	18517403	0.455371
3	18597255	0
3	19253068	0.178517
3	19616897	0.166415
3	19823532	0.0907716
3	21307401	0.0635401
3	22173759	0.993192
3	22718898	0.568835
3	22833761	0.896369
3	23158915	0.0491679
3	24086300	0.149773
3	24275702	0.0832073
3	24747610	0.0113464
3	24933191	0.0242057
3	25147501	0.324508
3	25880631	0.593041
3	27095656	0.202723
3	27301586	0.208018
3	27444392	0.0204236
3	27645090	0.0794251
3	30857228	0.747352
3	32012756	0
3	32157107	0.653555
3	34052342	0.336611
3	34861338	0.193646
3	35278145	0.0642965
3	36148763	0.161876
3	36212748	0.114977
3	37018991	0.0567322
3	37485641	0.101362
3	37628954	0.612708
3	38085448	0.00983359
3	39268725	0.0590015
3	41136285	0.106657
3	43010683	0.167927
3	43605688	0.865356
3	45653577	0.112708
3	46468813	0.0136157
3	46851007	0.343419
3	47090661	0.29879
3	48293524	0.0627837
3	49539401	0.234493
3	50637469	0.587746
3	50987194	0.622542
3	53066268	0.279879
3	54476770	0.0189107
3	55107944	0.0741301
3	55171127	0.388805
3	55363997	0.191377
3	58049891	0.955371
3	58324283	0.261725
3	61725220	0.816944
3	62841521	0.205749
3	64462678	0.506808
3	64780788	0.646747
3	64964661	0.537065
3	65307541	0.0189107
3	66134038	0.0400908
3	66853608	0.223903
3	68464042	0.0151286
3	69648484	0.522693
3	71907532	0.707262
3	72361157	0.652042
3	73821584	0.303328
3	74082903	0.320726
3	74608447	0.251135
3	75594495	0.326778
3	75996625	0.200454
3	76539092	0.167171
3	76682820	0.27534
3	78280919	0.677761
3	79449839	0.322995
3	79738599	0.555219
3	80536788	0.850227
3	83849641	0.0468986
3	84261341	0.00983359
3	85950384	0.161876
3	88296807	0.919062
3	89649439	0.391074
3	95005277	0.611195
3	95184863	0.519667
3	95313570	0.102874
3	95373871	0.189864
3	95498844	0.537065
3	96805038	0.638427
3	96880241	0.944781
3	97469435	0.285174
3	97790565	0.662632
3	97846458	0.763238
3	98109873	0.217852
3	98306216	0.0378215
3	98594902	0.23525
3	100827338	0.443268
3	103299709	0.167927
3	103361353	0.461422
3	104178878	0.964448
3	104326460	0.847958
3	104777973	0.186838
3	105280205	0.211044
3	105488076	0.193646
3	106159393	0.74357
3	106725717	0.423601
3	106795695	0.749622
3	107720228	0.727685
3	107868661	0.0688351
3	109439443	0.103631
3	110166084	0.103631
3	111529928	0.32829
3	113004155	0.113464
3	115358824	0.193646
3	115728651	0.406959
3	116102745	0.00605144
3	116246864	0.131619
3	116651981	0.65053
3	116990816	0.144478
3	117056941	0.416793
3	117460638	0.0559758
3	118669017	0.0983359
3	119016198	0.244327
3	119372164	0.186082
3	120359421	0.0476551
3	121020169	0.199697
3	121712980	0.895613
3	121871331	0.736762
3	122854935	0.075643
3	123583879	0.973525
3	124202107	0.466717
3	125459083	0.435703
3	125493356	0.41528
3	126641756	0.0612708
3	127860479	0.216339
3	129272696	0.0310136
3	131354616	0.72466
3	131690170	0.67171
3	132052401	0.00907716
3	132512280	0.312405
3	132937947	0.13767
3	137160213	0.102874
3	137682900	0.34115
3	137836353	0.826778
3	140138554	0.284418
3	140415361	0.208775
3	140634101	0.173222
3	141128804	0.121785
3	144590263	0.163389
3	144660477	0.258699
3	144944044	0.959153
3	145495730	0.165658
3	146257393	0.357035
3	147302194	0.304085
3	147862402	0.738275
3	148302338	0.0627837
3	148818772	0.2118
3	149379353	0.129349
3	149767539	0.139183
3	149839729	0.189864
3	151140556	0.857035
3	153242983	0.120272
3	153889601	0.522693
3	155758614	0.207262
3	156908720	0.0559758
3	156991097	0.0521936
3	158168585	0.0726172
3	158247007	0.208018
3	158557459	0.175492
3	159137759	0.245083
3	160220716	0.0287443
3	160681614	0.208775
3	160836700	0.61649
3	163216268	0.341906
3	163513470	0.955371
3	163660882	0.655068
3	164196906	0.0189107
3	164341382	0.506808
3	165612909	0.0423601
3	167870265	0.475038
3	170223550	0.288956
3	171827336	0.00151286
3	172046933	0.821483
3	172846749	0.00680787
3	173158103	0.647504
3	174123537	0.717852
3	174352297	0.289713
3	174490143	0.460666
3	175200194	0.100605
3	176021945	0.596067
3	176373380	0.913767
3	176926429	0.194402
3	177276418	0.443268
3	178444271	0.962179
3	178750644	0.909228
3	178911975	0.138427
3	180648682	0.497731
3	181940645	0.0695915
3	183089760	0.15885
3	183730116	0.270802
3	184485841	0.225416
3	186000722	0.282148
3	187139513	0.76702
3	188646633	0.238275
3	189778883	0.301059
3	189900554	0.165658
3	190695356	0.1823
3	191176545	0.753404
3	191792018	0.107413
3	192907683	0.687595
3	193684005	0.100605
3	193744854	0.360817
3	194064402	0.240545
3	194251804	0.902421
3	194308765	0.223147
3	194363175	0.00832073
3	194666803	0.316188
3	194776943	0.343419
3	195232655	0.0204236
3	195597549	0.545386
3	195724614	0.00378215
3	196045555	0.3941
3	196247440	0.801815
3	196948655	0.744327
3	197258289	0.26702
3	197884429	0.163389
4	506372	0.176248
4	726322	0.723147
4	1254930	0.505295
4	1310448	0.0574887
4	1560645	0.0990923
4	2358232	0.165658
4	2669409	0.207262
4	3928134	0.215582
4	4079124	0.0597579
4	4120743	0.845688
4	5525378	0.195159
4	7216154	0.200454
4	7876390	0.170953
4	8291102	0.257186
4	8697488	0.711044
4	8792701	0.20121
4	8868171	0.261725
4	9093536	0.472012
4	9418944	0.437973
4	9979279	0.24357
4	11115352	0.407716
4	11490786	0.197428
4	11549298	0.919062
4	11836893	0.410741
4	12793585	0.279879
4	13927930	0.197428
4	15499251	0.519667
4	16298575	0.594554
4	16862164	0.127837
4	16930525	0.206505
4	18324844	0.855522
4	19521505	0.930408
4	21117046	0.239032
4	21375450	0.00151286
4	21637244	0.223903
4	22176328	0.20348
4	24340511	0.178517
4	27620640	0.129349
4	29924629	0.0718608
4	30604773	0.0605144
4	32454478	0.186838
4	34107879	0.433434
4	34868958	0.502269
4	35366128	0.274584
4	35602061	0.419062
4	35718067	0.434191
4	35852682	0.900151
4	36131060	0.0537065
4	37004743	0.618003
4	37557342	0.540091
4	38235883	0.220877
4	38578137	0.283661
4	38979682	0.257186
4	39129844	0.332073
4	39829849	0.0181543
4	41320231	0.716339
4	42618822	0.0854765
4	42751332	0.655068
4	43892682	0.0476551
4	44577166	0.0310136
4	46027834	0.680787
4	46709927	0.0128593
4	47480558	0.276097
4	54243141	0.0499244
4	54462212	0.0726172
4	54596795	0.0151286
4	55096270	0.672466
4	55769394	0.204236
4	56158891	0.257186
4	56519241	0.192133
4	58144650	0.201967
4	58720485	0.720121
4	60006819	0.71407
4	60064254	0.795764
4	61226168	0.244327
4	62032070	0.364599
4	62172534	0.754917
4	62313287	0.744327
4	62390461	0.959909
4	62610696	0.248865
4	63537123	0.0771558
4	63769930	0.249622
4	64668641	0.0491679
4	64796557	0.430408
4	65869002	0.183056
4	66382876	0.0355522
4	66513573	0.578669
4	66961462	0.0824508
4	68043486	0.47882
4	68243568	0.721634
4	68468228	0.336611
4	68690277	0.130106
4	69610004	0.659607
4	69952082	0.773071
4	70171938	0.23298
4	70765008	0.318457
4	71013320	0.801815
4	71079513	0.160363
4	71213394	0.14826
4	73492494	0.298033
4	73552093	0.242814
4	73679419	0.135401
4	73733122	0.156581
4	75370215	0.0953101
4	75977301	0.0544629
4	76514614	0.526475
4	78250309	0.373676
4	79518887	0.385779
4	79982533	0.22239
4	80769324	0.633132
4	81545638	0.21407
4	82942076	0.454614
4	83241134	0.0529501
4	84201479	0.719365
4	85273310	0.195915
4	86116461	0.215582
4	86690079	0.593797
4	87238031	0.204992
4	87955544	0.236762
4	88102967	0.515129
4	88252573	0.248109
4	90100948	0.711044
4	90573045	0.0726172
4	90721637	0.0325265
4	91001043	0.794251
4	92266330	0.35174
4	92784430	0.0711044
4	94069057	0.217852
4	95307175	0.285174
4	96168719	0.454614
4	96581564	0.112708
4	96892392	0.324508
4	97422013	0.133132
4	97554263	0.22239
4	97921253	0.00983359
4	99991642	0.070348
4	100062466	0.0688351
4	100301241	0.340393
4	100533913	0.0726172
4	102509402	0.331316
4	103377005	0.459909
4	103757641	0.840393
4	104274018	0.155825
4	104740652	0.218608
4	105858508	0.080938
4	105938179	0.24584
4	106318207	0.0922844
4	106527165	0.0559758
4	106765915	0.226172
4	108228806	0.22239
4	108830476	0.546899
4	109225926	0.217095
4	111211234	0.0726172
4	112246738	0.802572
4	112865123	0.139183
4	114089743	0.24357
4	114164585	0.119516
4	115216911	0.183056
4	115654365	0.200454
4	115727643	0.091528
4	115871031	0.534796
4	116952614	0.392587
4	117301183	0.289713
4	117429916	0.371407
4	117493204	0.713313
4	117616344	0.0574887
4	117909549	0.0741301
4	118340506	0.118003
4	119624641	0.16112
4	119704744	0.202723
4	119918448	0.198185
4	121296151	0.565809
4	121436033	0.183812
4	122199104	0.639183
4	122617688	0.270802
4	125199539	0.080938
4	125558866	0.00302572
4	125775711	0.124811
4	126940603	0.704992
4	127341052	0.214826
4	128150332	0.931165
4	128950238	0.594554
4	129443161	0.98941
4	130940921	0.686082
4	131277455	0.387292
4	131804615	0.257186
4	132456338	0.080938
4	133042575	0.573374
4	133249614	0.102874
4	134022957	0.114977
4	136072657	0.0892587
4	136415590	0.0930408
4	136804680	0.108926
4	137494323	0.155068
4	138642592	0.239032
4	140562182	0.0922844
4	143282778	0.456884
4	144028568	0.140696
4	144706639	0.322239
4	149572193	0.183056
4	150375347	0.781392
4	150829872	0.03177
4	151035926	0.37292
4	152321881	0.971256
4	153532240	0.473525
4	153970294	0.474281
4	154401582	0.00605144
4	155916134	0.189864
4	156054738	0.816188
4	156121736	0.191377
4	157365984	0.530257
4	158687138	0.0559758
4	158758849	0.879728
4	160157642	0.740545
4	160233232	0.795008
4	160906981	0.493949
4	161987951	0.00983359
4	164216739	0.381997
4	164645477	0.00605144
4	164992023	0.138427
4	165061164	0.514372
4	165122509	0.164902
4	165268669	0.0385779
4	165548634	0.488654
4	166574759	0.854766
4	167322741	0.279123
4	167465716	0.557489
4	167537183	0.0438729
4	169404302	0.00680787
4	170130214	0.100605
4	171299485	0.792738
4	171634823	0.258699
4	172408167	0.916793
4	172542643	0.6059
4	174834295	0.311649
4	175264703	0.0378215
4	175480636	0.0869894
4	175622590	0.686838
4	175832662	0.76702
4	177227998	0.266263
4	177857218	0.331316
4	177998168	0.0930408
4	178426044	0.0900151
4	179369002	0.155825
4	180932666	0.124054
4	181945567	0.114977
4	182068097	0.123298
4	182311061	0.227685
4	182369214	0.103631
4	183737933	0.823752
4	183928174	0.41528
4	184974235	0.24357
4	185424511	0.0234493
4	185811189	0.165658
4	185981730	0.367625
4	186658780	0.136157
4	187413194	0.543117
4	188529342	0.65053
4	188800733	0.0476551
4	188863191	0.744327
4	189251165	0.0590015
4	189897845	0.25416
4	190402838	0.32829
4	190526823	0.0393343
5	304462	0.00983359
5	1066739	0.157337
5	1652224	0.0302572
5	3539652	0.556732
5	6567922	0.906959
5	7242819	0.16944
5	8195096	0.0136157
5	8535527	0.765507
5	10002720	0.592284
5	10067486	0.118759
5	11822748	0.0075643
5	12472314	0.127837
5	12824619	0.142965
5	13926197	0.858548
5	14390577	0.00529501
5	14520036	0.100605
5	16021557	0.0340393
5	16981743	0.191377
5	17382703	0.270802
5	18142966	0.676248
5	19001898	0.251135
5	19072329	0.111195
5	19143429	0.0930408
5	19302090	0.220877
5	20800122	0.491679
5	21861582	0.189864
5	23098416	0.0499244
5	24554171	0.0983359
5	24884404	0.245083
5	25631478	0.391074
5	26368149	0.315431
5	26622364	0.091528
5	27955741	0.453858
5	28093125	0.917549
5	28507234	0.300303
5	29334117	0.556732
5	30825689	0.573374
5	33108686	0.649773
5	33596224	0.257186
5	34570537	0.231467
5	35129621	0.617247
5	36201336	0.810136
5	36555055	0.549168
5	36781051	0.503026
5	37800221	0.223903
5	39118413	0.0544629
5	39456098	0.114221
5	40247047	0.265507
5	40951368	0.108169
5	41148125	0.163389
5	41825798	0.742814
5	41988664	0.173222
5	43718220	0.310136
5	43952084	0.0310136
5	45538384	0.602118
5	49687465	0.717852
5	50075654	0.172466
5	50216352	0.194402
5	51123251	0.27761
5	51518141	0.0975794
5	52062052	0.106657
5	53635364	0.653555
5	53704541	0.168684
5	53914809	0.0151286
5	54190247	0.223903
5	54931106	0.284418
5	55079518	0.129349
5	55579789	0.223903
5	56074451	0.66944
5	56664596	0.42587
5	60308836	0.00605144
5	61385606	0.156581
5	61782110	0.600605
5	62552497	0.0378215
5	62694441	0.622542
5	63036898	0.524206
5	63783781	0.0877458
5	64902292	0.0824508
5	65065028	0.606657
5	65662467	0.0544629
5	66161010	0.25643
5	66737802	0.0151286
5	66962521	0.456127
5	71387306	0.765507
5	73092269	0.532526
5	73303169	0.308623
5	74904326	0.0900151
5	75720649	0.130106
5	75940274	0.546142
5	76372709	0.0763994
5	77931536	0.126324
5	78828196	0.843419
5	79619755	0.114221
5	80500967	0.11649
5	80575775	0.390318
5	80723693	0.0582451
5	82001631	0.406959
5	82361374	0.61649
5	82508576	0.708018
5	82831359	0.0151286
5	83199000	0.697428
5	83982004	0.0597579
5	84885351	0.0242057
5	85228018	0.37292
5	86803812	0.167171
5	87290221	0.00983359
5	87368073	0.234493
5	88924503	0.223147
5	90835224	0.0892587
5	91064360	0.318457
5	94006802	0.0453858
5	95877665	0.438729
5	96393085	0.717095
5	96464878	0.484115
5	96733853	0.484115
5	97015988	0.0695915
5	98676531	0.114977
5	100575164	0.486384
5	101128989	0.369894
5	103924699	0.460666
5	105921679	0.575643
5	106935614	0.3941
5	108060101	0.21407
5	108531305	0.113464
5	109253683	0.0998487
5	111227702	0.0869894
5	112016025	0.075643
5	113496557	0.24357
5	113558335	0.846445
5	113622874	0.33888
5	114249837	0.361573
5	114419303	0.229955
5	115082586	0.0695915
5	115639978	0.0461422
5	116126220	0.439486
5	118853360	0.0226929
5	120592185	0.236762
5	121074025	0.0552194
5	121391483	0.0075643
5	122238387	0.968986
5	122882380	0.818457
5	123024520	0.366112
5	125585574	0.85174
5	126133293	0.144478
5	127057148	0.0877458
5	127601136	0.26475
5	128198263	0.543873
5	128268601	0.172466
5	128395927	0.748865
5	129174140	0.549168
5	129248302	0.832073
5	129618633	0.149017
5	131187826	0.826021
5	131783213	0.848714
5	132401730	0.710287
5	133531028	0.772315
5	134689300	0.410741
5	134833869	0.142209
5	136420127	0.213313
5	139147683	0.82829
5	140992235	0.390318
5	142203207	0.205749
5	142877286	0.145991
5	143919661	0.139183
5	144114347	0.605144
5	144811059	0.075643
5	145512390	0.00832073
5	145734986	0.418306
5	147105672	0.209531
5	149963185	0.358548
5	150534919	0.582451
5	150673848	0.276097
5	150739932	0.354766
5	152120504	0.123298
5	152405169	0.568079
5	152621984	0.110439
5	152748516	0.246596
5	153107480	0.585477
5	155208788	0.187595
5	156112766	0.189864
5	156330661	0.521936
5	157933592	0.337368
5	158535041	0.109682
5	158782068	0.993192
5	159639906	0.0597579
5	160196659	0.271558
5	161859854	0.406203
5	162759554	0.528744
5	164444398	0.13767
5	165700298	0.545386
5	166970306	0.255673
5	167117853	0.689864
5	168310585	0.00680787
5	168702502	0.217095
5	168918606	0.332073
5	169542281	0.0590015
5	170212127	0.176248
5	170802443	0.431921
5	171557395	0.541604
5	171828573	0.226172
5	172498259	0.70348
5	173125293	0.104387
5	174057150	0.664902
5	174190130	0.786687
5	174652439	0.00378215
5	176003960	0.699697
5	178269126	0.652042
5	178453837	0.518154
5	178526105	0.583964
5	179258901	0.848714
5	179765467	0.332073
5	180068239	0.456127
5	180320867	0.284418
6	580323	0.263238
6	1281235	0.221634
6	2068725	0.370651
6	2926077	0.0173979
6	3828230	0.937973
6	3894981	0.496218
6	4435289	0.604387
6	5016475	0.91528
6	5087422	0.535552
6	5952667	0.81997
6	6611909	0.0416036
6	8215963	0.597579
6	9328847	0.448563
6	9744561	0.0824508
6	10419163	0.238275
6	11821628	0.439486
6	13181008	0.134644
6	14745282	0.698941
6	15237449	0.509077
6	15985534	0.147504
6	16298866	0.145234
6	16807092	0.163389
6	16956041	0.273071
6	17378471	0.966717
6	17588158	0.0612708
6	19397061	0.127837
6	19592564	0.0355522
6	20992970	0.895613
6	21154412	0.369138
6	23148266	0.0514372
6	23801251	0.0990923
6	24086836	0.503782
6	24685021	0.931165
6	25545151	0.456884
6	26270961	0.0975794
6	26566368	0.191377
6	29675676	0.688351
6	29839502	0.00075643
6	29885774	0.85174
6	29918538	0.0990923
6	30092707	0.680787
6	30229694	0.300303
6	31087310	0.911498
6	31307715	0.239032
6	31336960	0.297277
6	32410716	0.502269
6	32491945	0.76475
6	32523581	0.68003
6	32552134	0.398638
6	32579549	0.788956
6	32602430	0.263238
6	32628084	0.0423601
6	32649180	0.0990923
6	33080360	0.0249622
6	33730095	0.357791
6	33796109	0.176248
6	34864646	0.147504
6	35620627	0.0121029
6	36068303	0.257186
6	36356002	0.28593
6	36710269	0.0249622
6	36910017	0.310893
6	37100772	0.0514372
6	39162806	0.0416036
6	39281456	0.145991
6	40174808	0.485628
6	40494855	0.503026
6	44665034	0.993192
6	44730395	0.751891
6	45176540	0.930408
6	45397050	0.367625
6	47104856	0.505295
6	47518939	0.495461
6	47849551	0.459909
6	49287716	0.559002
6	49419864	0.440998
6	50035034	0.00151286
6	51224727	0.372163
6	52028725	0.124054
6	52163964	0.133888
6	52539268	0.450832
6	53206499	0.120272
6	54642652	0.139183
6	56304126	0.209531
6	56386814	0.515885
6	57588996	0.414523
6	58035085	0.0400908
6	58742565	0.0468986
6	62197601	0.02118
6	62281811	0.32829
6	63020939	0.426626
6	63145528	0.927383
6	65082399	0.822239
6	65149347	0.00075643
6	65403943	0.503026
6	65538168	0.559002
6	66073433	0.313162
6	66408475	0.234493
6	66534214	0.0816944
6	66913681	0.729198
6	67217053	0.86233
6	67455466	0.00907716
6	67573539	0.718608
6	68505832	0.345688
6	68893545	0.24584
6	70298145	0.847958
6	70364881	0.462179
6	70443883	0.216339
6	70970115	0.413011
6	71164013	0.0650529
6	71674547	0.487897
6	72501165	0.268533
6	72710793	0.0272315
6	73219047	0.251891
6	73917645	0.471256
6	74632297	0.32829
6	74764272	0.824508
6	74900425	0.244327
6	75085873	0.0310136
6	75415209	0.496974
6	75550236	0.408472
6	76867534	0.0567322
6	76925132	0.422844
6	77158764	0.0688351
6	77684060	0.297277
6	78034526	0.0204236
6	78407597	0.0400908
6	79014592	0.344932
6	79148644	0.437216
6	80294218	0.0832073
6	80723229	0.026475
6	81207262	0.313918
6	81557836	0.16112
6	82837711	0.354766
6	83281761	0.308623
6	83800898	0.00605144
6	85870792	0.0847201
6	86062148	0.987141
6	86822565	0.331316
6	88443876	0.835098
6	89886923	0.339637
6	90950736	0.958396
6	93692672	0.950076
6	95965656	0.00075643
6	96268009	0.683812
6	96397261	0.398638
6	96538609	0.0544629
6	97120356	0.344175
6	97202102	0.0937973
6	97756290	0.0748865
6	98498892	0.586989
6	100279683	0.592284
6	103653760	0.283661
6	104266857	0.133132
6	105519194	0.791982
6	105665214	0.326021
6	106781896	0.496218
6	106848210	0.914523
6	107326433	0.435703
6	108079834	0.0287443
6	108786063	0.229198
6	109031563	0.389561
6	110443385	0.149773
6	112298599	0.158094
6	112368578	0.0537065
6	113367106	0.760212
6	114382016	0.318457
6	115683039	0.218608
6	115834247	0.960666
6	118382684	0.209531
6	118840039	0.0620272
6	119590609	0.378215
6	120896898	0.0937973
6	120970888	0.30938
6	121046310	0.0922844
6	121114267	0.204236
6	121187812	0.765507
6	121256344	0.577912
6	122380054	0.242057
6	123567474	0.189864
6	124993647	0.0733737
6	125438073	0.70121
6	127121564	0.371407
6	129311737	0.226929
6	130056073	0.0506808
6	130620680	0.0786687
6	131175997	0.173222
6	133144449	0.318457
6	133941472	0.325265
6	134472610	0.0907716
6	135946439	0.771558
6	136535057	0.217852
6	137312547	0.440242
6	137521374	0.00151286
6	137988709	0.0249622
6	138122262	0.816944
6	139598319	0.27761
6	139805792	0.215582
6	139951585	0.508321
6	141564290	0.910741
6	143097355	0.878215
6	144001128	0.268533
6	146680760	0.396369
6	149607060	0.204236
6	150209196	0.168684
6	150615876	0.554463
6	151364875	0.87292
6	151496364	0.442511
6	151567175	0.338124
6	152265659	0.12708
6	152401938	0.20121
6	153614932	0.223903
6	153972582	0.721634
6	156308324	0.24357
6	157960256	0.344932
6	158085284	0.139183
6	160798048	0.163389
6	161004491	0.0242057
6	161349884	0.184569
6	162591311	0.945537
6	162712953	0.0990923
6	162896475	0.267776
6	163927784	0.980333
6	164065102	0.642209
6	165186796	0.29879
6	165904813	0.00680787
6	167211801	0.276097
6	167657394	0.353253
6	167711094	0.299546
6	168290384	0.793495
6	168569580	0.354009
6	168623545	0.123298
6	168738746	0.111195
6	169033040	0.29652
6	169962700	0.179274
6	170492285	0.186082
6	170796900	0.086233
7	1068691	0.379728
7	1164368	0.302572
7	1373797	0.183812
7	1668813	0.0143722
7	2160336	0.204992
7	2211937	0.0521936
7	2533602	0.00453858
7	4214505	0.344175
7	4765018	0.360061
7	5063090	0.374433
7	5728537	0.512859
7	5834474	0.226929
7	6456669	0.808623
7	6972543	0.816188
7	7134459	0.363086
7	7905413	0.00907716
7	10045019	0.239032
7	11260916	0.0378215
7	11677840	0.117247
7	12097457	0.251135
7	12483077	0.524206
7	12598409	0.0196672
7	13488095	0.413011
7	13669204	0.0347958
7	15000873	0.00907716
7	15913289	0.822239
7	16417094	0.0559758
7	16543230	0.107413
7	17219748	0.260212
7	19138505	0.0400908
7	19540101	0.472012
7	19694632	0.118003
7	19753782	0.193646
7	20080429	0.291225
7	20943412	0.281392
7	21147437	0.0885023
7	21465133	0.177005
7	22757089	0.868381
7	22883835	0.00151286
7	22955068	0.239788
7	23028305	0.496218
7	25415714	0.466717
7	25952710	0.0332829
7	28466783	0.165658
7	30408353	0.103631
7	31586769	0.0930408
7	32063381	0.298033
7	32831887	0.2118
7	33937625	0.886536
7	34381854	0.271558
7	35084302	0.0832073
7	36585410	0.160363
7	37735900	0.483359
7	37953096	0.0408472
7	38631857	0.0332829
7	40020209	0.0370651
7	40396366	0.00605144
7	41307633	0.20121
7	42582010	0.431165
7	45505152	0.822995
7	46073299	0.950076
7	46658925	0.230711
7	49200835	0.829803
7	51825899	0.0597579
7	51954569	0.959909
7	52519258	0.561271
7	52760671	0.434947
7	52818090	0.0385779
7	53048550	0.751135
7	53285473	0.0665658
7	54189522	0.380484
7	54247350	0.583207
7	54316866	0.154312
7	57389233	0.590772
7	57506751	0.0983359
7	58025169	0.26475
7	61250260	0.108169
7	62070460	0.192133
7	62146819	0.375946
7	62453778	0.0885023
7	63705941	0.0075643
7	63922735	0.192133
7	64005228	0.191377
7	64681703	0.114221
7	64900721	0.654312
7	66801576	0.111952
7	67257969	0.139183
7	68092019	0.0378215
7	68868011	0.206505
7	70282219	0.356278
7	70931358	0.0801815
7	71061750	0.3177
7	71392484	0.0242057
7	71519406	0.893343
7	72306384	0.0166415
7	73644787	0.0832073
7	74455474	0.340393
7	75606109	0.343419
7	75668329	0.278366
7	75806299	0.824508
7	77128216	0.223147
7	79234796	0.198185
7	80101213	0.123298
7	80652302	0.0302572
7	80715165	0.278366
7	81104394	0.391074
7	81566761	0.278366
7	81783979	0.286687
7	82003787	0.167171
7	82283309	0.213313
7	82424231	0.42587
7	83226950	0.392587
7	85007066	0.307867
7	85916943	0.556732
7	86351217	0.59531
7	86966042	0.876702
7	87124959	0.225416
7	88652809	0.910741
7	88794466	0.311649
7	89644425	0.263994
7	92692241	0.146747
7	93026328	0.539334
7	93510131	0.24584
7	94931271	0.184569
7	97155016	0.201967
7	97299464	0.16112
7	97634963	0.177005
7	98321862	0.204236
7	100744777	0.175492
7	101132338	0.218608
7	101983421	0.175492
7	102959379	0.583207
7	103037411	0.547655
7	103315179	0
7	103436154	0.111195
7	104097663	0.772315
7	104159525	0.0075643
7	104223762	0.204236
7	104731338	0.844932
7	105818520	0.158094
7	106086584	0.0559758
7	107098877	0.220877
7	108922378	0.209531
7	109279744	0.0801815
7	110686211	0.0650529
7	113826438	0.280635
7	113986556	0.00226929
7	114911939	0.0128593
7	115218271	0.0234493
7	115519796	0.091528
7	115593960	0.0121029
7	117558892	0.791225
7	118859659	0.080938
7	120129659	0.105144
7	122448393	0.286687
7	122678150	0.0173979
7	123971053	0.139939
7	124398196	0.208775
7	127651281	0.145234
7	128892536	0.754917
7	133832017	0.816188
7	135678299	0.134644
7	135808060	0.710287
7	137041777	0.516641
7	138549075	0.0741301
7	139646514	0.970499
7	140151648	0.591528
7	143020780	0.711044
7	144767687	0.0960666
7	144964831	0.21407
7	145164804	0.108926
7	145503262	0.69289
7	146626250	0.271558
7	147016786	0.679274
7	147562715	0.640696
7	147683635	0.875189
7	149620581	0.786687
7	151373991	0.19289
7	151955297	0.340393
7	153063175	0.42587
7	153524571	0.22239
7	155608923	0.502269
7	155927105	0.855522
7	156109694	0.360817
7	156434675	0.0620272
7	156648334	0.101362
7	157671763	0.164145
7	158075769	0.470499
8	188131	0.290469
8	273258	0.0605144
8	786916	0.343419
8	923513	0.0226929
8	1273426	0.773071
8	1821774	0.388805
8	1911063	0.120272
8	2411645	0.453101
8	3172253	0.855522
8	3322499	0.0922844
8	3657115	0.113464
8	3738568	0.484871
8	3842721	0.582451
8	3961693	0.164902
8	4103130	0.358548
8	5020466	0.286687
8	5461562	0.257186
8	5497151	0.599092
8	5777673	0.0468986
8	5920189	0.1823
8	6378210	0.138427
8	6421277	0.0143722
8	6897885	0.185325
8	8596181	0.558245
8	9165380	0.581694
8	9916930	0.237519
8	10322948	0.303328
8	10445051	0.732224
8	11347107	0.534039
8	12181570	0.59531
8	12516200	0.344175
8	13312482	0.666414
8	14225968	0.251891
8	15243699	0.311649
8	16084696	0.503782
8	16136686	0.176248
8	16723340	0.145234
8	16921890	0.0136157
8	17098564	0.295008
8	17206588	0.0272315
8	17393284	0.0801815
8	18535389	0.0113464
8	19207176	0.0574887
8	20051578	0.571861
8	20682145	0.0189107
8	20796299	0.589259
8	22439956	0.0816944
8	22803672	0.339637
8	23219718	0.212557
8	23942510	0.312405
8	24907236	0.0355522
8	26355747	0.440242
8	26620521	0.435703
8	28033402	0.0960666
8	28167580	0.0582451
8	28996321	0.252647
8	29452409	0.0680787
8	32454104	0.112708
8	33938229	0.403933
8	34418614	0.0075643
8	35409145	0.228442
8	39243380	0.149017
8	39333498	0.742058
8	39776922	0.229198
8	39841583	0.304085
8	41620112	0.0627837
8	42060293	0.220121
8	42282598	0.368381
8	42354257	0.225416
8	43251461	0.609682
8	47396013	0.279123
8	47437354	0.0665658
8	49074626	0.175492
8	49277870	0.16112
8	50059587	0.191377
8	50118608	0.153555
8	50625293	0.528744
8	51453374	0.906203
8	52071210	0.247352
8	54338463	0.106657
8	55832755	0.286687
8	56171131	0.136157
8	57438048	0.285174
8	57775276	0.21407
8	58926966	0.86233
8	59284854	0.170197
8	59429512	0.00529501
8	60224397	0.741301
8	61412097	0.27534
8	62845516	0.704236
8	63659367	0.366868
8	64579745	0.537065
8	68913035	0.468986
8	68983584	0.413011
8	69422936	0.560514
8	70752861	0.0476551
8	70955207	0.403177
8	71106304	0.316944
8	72642493	0.070348
8	72843805	0.00605144
8	73055180	0.360817
8	75215430	0.168684
8	75288794	0.153555
8	77259902	0.156581
8	77695388	0.534796
8	78124967	0.0574887
8	78464809	0.159607
8	78526277	0.194402
8	78664579	0.03177
8	78735355	0.186082
8	78951749	0.295008
8	79252302	0.739788
8	80184838	0.233737
8	80261062	0.881241
8	80796134	0.2882
8	82663947	0.955371
8	83421588	0.276853
8	83981980	0.139939
8	84378403	0.181543
8	84570314	0.276097
8	86352758	0.770045
8	87212302	0.379728
8	87348720	0.940998
8	87856462	0.515129
8	88412755	0.810136
8	88815135	0.21407
8	90235911	0.486384
8	91014154	0.26702
8	91171735	0.613464
8	91685814	0.763238
8	92659644	0.251891
8	92808851	0.179274
8	94166637	0.11649
8	95011614	0.200454
8	95621028	0.252647
8	95692011	0.191377
8	96502418	0.0711044
8	96717974	0.374433
8	96791051	0.425113
8	97016109	0.520424
8	99075587	0.555976
8	100686031	0.0620272
8	101638424	0.364599
8	101840244	0.744327
8	102121365	0.487141
8	102677805	0.462935
8	102745351	0.521936
8	103191667	0.893343
8	104588494	0.282148
8	105468379	0.692133
8	106049672	0.270802
8	106269243	0.286687
8	106720501	0.369138
8	108698283	0.705749
8	109141570	0.152042
8	112704562	0.378215
8	113221430	0.115734
8	113368547	0.284418
8	114547329	0.934191
8	114831373	0.0128593
8	115483210	0.0151286
8	115721881	0.529501
8	116076926	0.338124
8	116537058	0.675492
8	118922507	0.68003
8	119072448	0.197428
8	122516931	0.00075643
8	122664506	0.16944
8	122879061	0.00907716
8	125288681	0.355522
8	125367500	0.16944
8	125576082	0.418306
8	126547207	0.0484115
8	126960819	0.993192
8	127546182	0.876702
8	127829177	0.101362
8	129071537	0.164902
8	129448014	0.403177
8	131584754	0.0332829
8	131780406	0.015885
8	132715046	0.900151
8	133883102	0.472012
8	135391211	0.662632
8	136098668	0.132375
8	136757758	0.0816944
8	137002061	0.314675
8	138545911	0.107413
8	139077124	0.354009
8	139140876	0.0877458
8	140505919	0.0279879
8	140728816	0.178517
8	142144899	0.375946
8	143858846	0.208018
8	143913948	0.548411
8	145881333	0.319213
8	146141474	0.0960666
9	442272	0.496218
9	633350	0.124811
9	1338853	0.0922844
9	2536319	0.36233
9	4211977	0.0832073
9	4672712	0.686082
9	4777725	0.365356
9	7208342	0.596823
9	9290343	0.240545
9	10081387	0.749622
9	10130199	0.304841
9	10182184	0.239032
9	11857774	0.261725
9	12110786	0.453858
9	12372197	0.164145
9	12666562	0.412254
9	13725313	0.193646
9	14025101	0.922844
9	14151853	0.76702
9	14798967	0.00680787
9	16299039	0.108926
9	16955672	0.139939
9	17746365	0.209531
9	18641557	0.01059
9	19477780	0.216339
9	20382226	0.152799
9	21844643	0.17171
9	22833369	0.490923
9	25142709	0.549924
9	26411670	0.30938
9	26648358	0.0325265
9	27103307	0.00832073
9	27844665	0.126324
9	27969578	0.0385779
9	28214686	0.0393343
9	28792620	0.147504
9	28860018	0.48941
9	28922356	0.678517
9	29515267	0.84115
9	29776513	0.230711
9	29977862	0.00075643
9	30308011	0.208018
9	31086948	0.0854765
9	31262324	0.209531
9	31888418	0.00075643
9	37001471	0.152042
9	38380103	0.341906
9	38648775	0.347201
9	44124671	0.547655
9	65632583	0.337368
9	68187358	0.513616
9	68478408	0.486384
9	71116955	0.166415
9	71732036	0.0567322
9	73088028	0.209531
9	73830386	0.29879
9	76172980	0.204236
9	76392885	0.56354
9	77901998	0.02118
9	78371589	0.507564
9	78942572	0.226172
9	79444740	0.482602
9	79701771	0.220877
9	81491999	0.0484115
9	82457350	0.40469
9	83644264	0.268533
9	83786452	0.0128593
9	83860713	0.295764
9	83929252	0.139939
9	84497199	0.0279879
9	85095497	0.96823
9	85330183	0.03177
9	85477109	0.234493
9	87024447	0.1059
9	87514761	0.257186
9	88154941	0.354766
9	90150275	0.25416
9	91132865	0.260212
9	91590422	0.885023
9	92742249	0.00453858
9	92949934	0.0567322
9	93359724	0.0567322
9	93432785	0.157337
9	93554540	0.236006
9	94121330	0.263238
9	94343642	0.717095
9	94489212	0.111952
9	95041636	0.896369
9	96133719	0.0226929
9	96701663	0.371407
9	100153559	0.17171
9	100233523	0.618003
9	102992687	0.437973
9	103948758	0.713313
9	104382455	0.353253
9	104597048	0.316944
9	104791433	0.681543
9	105096394	0.245083
9	105858437	0.214826
9	107814518	0.358548
9	108016065	0.462179
9	108515500	0.461422
9	108714151	0.869138
9	109715273	0.33056
9	109862714	0.1059
9	110270115	0.166415
9	111953707	0.450076
9	112297928	0.0521936
9	113459655	0.00680787
9	113612783	0.0249622
9	113966610	0.689107
9	114335218	0.00529501
9	114410702	0.108169
9	115446130	0.0673222
9	116438348	0.198941
9	116923991	0.0121029
9	119213715	0.0234493
9	119282870	0.738275
9	119775606	0.390318
9	120249360	0.217095
9	120470372	0.142965
9	121115184	0.80711
9	122455240	0.0143722
9	124191252	0.675492
9	124750976	0.214826
9	126620972	0.233737
9	126840565	0.25416
9	128910776	0.2118
9	130183790	0.593797
9	130755320	0.564297
9	132074598	0.430408
9	132137256	0.107413
9	132199199	0.840393
9	132524959	0.633132
9	134407305	0.67171
9	134818418	0.162632
9	135688538	0.14826
9	136009191	0.378215
9	137434547	0.3941
9	138121346	0.270045
9	138440045	0.240545
9	138824310	0.670953
9	140690034	0.096823
9	140805683	0.449319
