10	350693	0.188761
10	796468	0.165706
10	1224581	0.785303
10	1279272	0.815562
10	1393592	0.889049
10	1449377	0.092219
10	2102433	0.0605187
10	4667529	0.237752
10	4911158	0.165706
10	5034016	0.386167
10	5420851	0.0259366
10	5550768	0.0662824
10	5663691	0.262248
10	6417724	0.018732
10	6747521	0.157061
10	7165106	0.458213
10	7545524	0.0432277
10	9604930	0.365994
10	10232427	0.240634
10	11699441	0.857349
10	13269807	0.396254
10	13389006	0.0576369
10	14340610	0.318444
10	15551279	0.645533
10	15735617	0.185879
10	16988787	0.227666
10	18788390	0.175793
10	20036177	0.504323
10	20162462	0.149856
10	21192389	0.0201729
10	21521210	0.0230548
10	24215163	0.108069
10	25599875	0.338617
10	26983024	0.582133
10	27130625	0.551873
10	27336671	0.459654
10	27903768	0.678674
10	28702072	0.306916
10	28921788	0.123919
10	29060698	0.100865
10	29770786	0.677233
10	29827355	0.145533
10	30472411	0.543228
10	31731063	0.122478
10	32379600	0.976945
10	33467539	0.106628
10	33874231	0.151297
10	37217312	0.178674
10	38167038	0.819885
10	38677789	0.536023
10	42382342	0.430836
10	44548259	0.0878963
10	48500100	0.0331412
10	48907434	0.285303
10	52540483	0.756484
10	53798924	0.154179
10	54225761	0.018732
10	55030395	0.361671
10	55814018	0.226225
10	56937275	0.0936599
10	58224183	0.100865
10	59261217	0.779539
10	59334656	0.302594
10	64152808	0.0302594
10	64657502	0.10951
10	65327084	0.229107
10	66437582	0.599424
10	67025536	0.158501
10	67572596	0.0634006
10	67827726	0.273775
10	67890325	0.236311
10	68272893	0.15562
10	68746991	0.759366
10	70068577	0.694524
10	71135074	0.0201729
10	72323275	0.453891
10	72717030	0.126801
10	73030775	0.847262
10	73094420	0.243516
10	73731768	0.17147
10	74308804	0.5
10	78316240	0.845821
10	78978242	0.0461095
10	79543819	0.466859
10	80400029	0.129683
10	80462933	0.113833
10	80845405	0.181556
10	81417283	0.244957
10	82232706	0.416427
10	82510574	0.139769
10	84676590	0.495677
10	85212217	0.0331412
10	85345465	0.0634006
10	86083579	0.247839
10	86795027	0.512968
10	86858515	0.142651
10	87726722	0.0850144
10	89172143	0.0533141
10	89435483	0.417867
10	90760606	0.4683
10	90904111	0.544669
10	91121907	0.302594
10	93729736	0.103746
10	94155846	0.289625
10	95361588	0.138329
10	95504610	0.708934
10	95641485	0.510086
10	97029366	0.0432277
10	97329911	0.0446686
10	98212575	0.482709
10	98441768	0.23487
10	98968967	0.524496
10	100302852	0.0230548
10	101084483	0.177233
10	101635461	0.639769
10	102024311	0.0100865
10	102925367	0.801153
10	105255614	0.129683
10	106767803	0.136888
10	107067938	0.237752
10	109007002	0.951009
10	109411682	0.105187
10	109471620	0.57781
10	110158050	0.682997
10	110348376	0.42219
10	111935290	0.0302594
10	113225327	0.151297
10	113600635	0.305476
10	115559957	0.658501
10	115978451	0.132565
10	117079200	0.253602
10	117424380	0.0677233
10	118272726	0.763689
10	120197496	0.0979827
10	121220708	0.331412
10	121286692	0.164265
10	122535834	0.785303
10	122956484	0.965418
10	123758376	0.756484
10	125064283	0.149856
10	126303408	0.018732
10	126436717	0.572046
10	126966739	0.0907781
10	127789214	0.0360231
10	128043377	0.135447
10	129160313	0.134006
10	129273257	0.455331
10	129516607	0.889049
10	130754229	0.402017
10	130871039	0.0172911
10	131370520	0.527378
10	133324790	0.167147
10	134687912	0.0806916
10	135051653	0.0172911
11	512205	0.0821326
11	1370090	0.0331412
11	2337693	0.182997
11	3583802	0.387608
11	4163558	0.825648
11	4548812	0.0345821
11	5399218	0.177233
11	5877909	0.416427
11	6920970	0.324207
11	7260691	0.0389049
11	7825508	0.0432277
11	8505492	0.0230548
11	9010737	0.466859
11	9157925	0.332853
11	10137703	0.26513
11	11046259	0.213256
11	11400282	0.0533141
11	12324679	0.0244957
11	13202953	0.0965418
11	13412302	0.299712
11	14035961	0.233429
11	14418295	0.292507
11	15412448	0.0619597
11	16805048	0.889049
11	18118146	0.283862
11	18180856	0.332853
11	18938732	0.0691643
11	19064316	0.121037
11	19532199	0.413545
11	20176986	0.332853
11	20316949	0.220461
11	22138887	0.0864553
11	22535284	0.0533141
11	22672739	0.223343
11	22806648	0.386167
11	23331591	0.227666
11	23462469	0.116715
11	23909957	0.39049
11	24253072	0.144092
11	24704375	0.154179
11	25443005	0.971182
11	25871796	0.255043
11	25996594	0.0619597
11	26237368	0.200288
11	26302294	0.110951
11	26653102	0.489914
11	27098784	0.0936599
11	27171577	0.0317003
11	30302923	0.355908
11	30739896	0.018732
11	31892201	0.0129683
11	32384813	0.272334
11	32516917	0.466859
11	33622297	0.0489914
11	34255541	0.972622
11	35847990	0.105187
11	36254509	0.154179
11	38306518	0.0475504
11	38451400	0.243516
11	38579027	0.792507
11	40549546	0.165706
11	42162777	0.292507
11	42917230	0.355908
11	43880489	0.207493
11	44018804	0.684438
11	46194744	0.0417867
11	48535224	0.0662824
11	49073527	0.572046
11	49963338	0.634006
11	54992728	0.553314
11	56309093	0.106628
11	57020427	0.210375
11	57945418	0.530259
11	61519986	0.206052
11	62821139	0.0691643
11	63966927	0.0345821
11	65587651	0.40634
11	66893474	0.262248
11	68628743	0.17147
11	68693438	0.190202
11	68927048	0.279539
11	71122931	0.78098
11	71296482	0.743516
11	71526834	0.436599
11	73368875	0.583573
11	76348651	0.0518732
11	77038903	0.487032
11	77745268	0.018732
11	77877416	0.0244957
11	79209202	0.158501
11	79459484	0.0331412
11	80748693	0.151297
11	82992895	0.0216138
11	83204471	0.414986
11	83563436	0.854467
11	83755359	0.0533141
11	84647430	0.0244957
11	85305353	0.0144092
11	86095816	0.10951
11	86834507	0.054755
11	87507771	0.0461095
11	87802413	0.31268
11	87871776	0.073487
11	88347843	0.5
11	90375731	0.132565
11	90899786	0.783862
11	91090006	0.269452
11	91332680	0.092219
11	91599345	0.0936599
11	92760614	0.504323
11	93726072	0.646974
11	95350518	0.34438
11	96576270	0.230548
11	96760757	0.0634006
11	98185572	0.190202
11	98804820	0.958213
11	99999990	0.0259366
11	100067600	0.657061
11	100469602	0.161383
11	101684475	0.100865
11	102641172	0.092219
11	102701858	0.331412
11	103078496	0.946686
11	103223596	0.681556
11	103359977	0.314121
11	103997165	0.15562
11	104062886	0.118156
11	104133611	0.131124
11	104643968	0.0216138
11	105432666	0.932277
11	105751330	0.29683
11	105921407	0.0706052
11	106215204	0.759366
11	106882092	0.0317003
11	107161550	0.453891
11	108327218	0.132565
11	108404835	0.184438
11	108911002	0.26513
11	115090866	0.335735
11	115163665	0.108069
11	116948442	0.229107
11	118477367	0.763689
11	119337241	0.262248
11	119928883	0.288184
11	120196433	0.342939
11	121491307	0.423631
11	121790358	0.289625
11	123063082	0.0432277
11	124124775	0.337176
11	124717445	0.331412
11	126844664	0.164265
11	127107790	0.0489914
11	127664003	0.472622
11	130412175	0.0792507
11	130934769	0.0273775
11	134035927	0.0115274
12	1845237	0.491354
12	2310551	0.364553
12	3204209	0.167147
12	3374920	0.190202
12	3782894	0.236311
12	4063750	0.740634
12	5057389	0.0518732
12	6203674	0.0489914
12	6260583	0.930836
12	6509888	0.458213
12	6838903	0.769452
12	6906828	0.569164
12	8229296	0.162824
12	9123932	0.387608
12	10024791	0.744957
12	10154249	0.426513
12	10705835	0.396254
12	11348886	0.847262
12	14468638	0.783862
12	15285379	0.0144092
12	17354283	0.122478
12	17572718	0.0100865
12	17708675	0.0518732
12	18193198	0.0835735
12	19421678	0.923631
12	20013193	0.0144092
12	20632922	0.224784
12	21017796	0.837176
12	21144501	0.0763689
12	21207758	0.64121
12	23992411	0.302594
12	24139829	0.340058
12	24207780	0.242075
12	25701401	0.685879
12	25983265	0.87464
12	26051954	0.530259
12	27000195	0.142651
12	27448496	0.5317
12	27963546	0.574928
12	28803717	0.410663
12	30412447	0.497118
12	30722566	0.28098
12	30877035	0.207493
12	32019875	0.198847
12	32274186	0.0951009
12	32852949	0.0936599
12	33398254	0.231988
12	34807751	0.384726
12	38851616	0.0533141
12	39891709	0.102305
12	40176306	0.177233
12	41042285	0.0432277
12	41952824	0.789625
12	42017686	0.056196
12	42633736	0.665706
12	43220260	0.0201729
12	43637442	0.275216
12	43708380	0.115274
12	44232358	0.0907781
12	44299900	0.814121
12	47180934	0.214697
12	47452341	0.018732
12	47524884	0.376081
12	47735500	0.0864553
12	48850910	0.291066
12	49274072	0.592219
12	51402039	0.932277
12	52671254	0.370317
12	52732289	0.273775
12	53140663	0.684438
12	54951612	0.606628
12	55738427	0.224784
12	57771153	0.299712
12	58249243	0.430836
12	58638082	0.149856
12	59509020	0.775216
12	60822764	0.0778098
12	60965789	0.204611
12	61293469	0.0273775
12	62732091	0.149856
12	63901810	0.34438
12	64116159	0.580692
12	64756199	0.200288
12	65696970	0.40634
12	66886984	0.391931
12	70616839	0.443804
12	71887872	0.67147
12	72271979	0.0446686
12	72656061	0.26513
12	73580623	0.325648
12	74748775	0.15562
12	75947644	0.301153
12	76661543	0.0389049
12	78986074	0.523055
12	80899399	0.273775
12	81049471	0.198847
12	81128242	0.340058
12	83277316	0.122478
12	85009391	0.288184
12	85083256	0.769452
12	85526857	0.543228
12	87220089	0.755043
12	88709906	0.0634006
12	89673619	0.126801
12	90327378	0.0677233
12	90652912	0.0605187
12	91995524	0.0878963
12	92673669	0.525937
12	93691888	0.0662824
12	94418479	0.136888
12	97024189	0.590778
12	98313651	0.168588
12	99995011	0.700288
12	100984151	0.357349
12	103495151	0.631124
12	103786854	0.135447
12	105600935	0.242075
12	105809061	0.018732
12	106724838	0.26513
12	110483175	0.074928
12	111670682	0.272334
12	112252649	0.148415
12	113517571	0.0417867
12	114400816	0.0345821
12	115755506	0.0216138
12	116230062	0.400576
12	117330844	0.122478
12	117943164	0.351585
12	118074271	0.226225
12	118946852	0.268012
12	119443891	0.322767
12	119515037	0.586455
12	120085962	0.791066
12	121045431	0.0936599
12	123815654	0.93804
12	124843104	0.445245
12	125194596	0.659942
12	125255890	0.0389049
12	125437160	0.0331412
12	126031728	0.146974
12	126542537	0.217579
12	127476192	0.43804
12	127977825	0.239193
12	129914524	0.0461095
12	130700107	0.102305
12	131169111	0.347262
12	131519976	0.0216138
12	132003924	0.688761
12	133839693	0.37464
13	20209229	0.0763689
13	20709820	0.210375
13	21312766	0.0806916
13	21799149	0.112392
13	22219062	0.0533141
13	22533434	0.0806916
13	22590897	0.965418
13	23552967	0.210375
13	25315664	0.170029
13	26669990	0.387608
13	26944492	0.0273775
13	27339783	0.76513
13	27867501	0.208934
13	27999457	0.324207
13	29256505	0.0936599
13	30672179	0.168588
13	31641565	0.685879
13	31763174	0.427954
13	32594429	0.0244957
13	33556000	0.0144092
13	33624553	0.817003
13	35310522	0.298271
13	36238035	0.0504323
13	36302201	0.685879
13	36369373	0.0129683
13	39420075	0.0302594
13	39886443	0.0389049
13	41278121	0.0878963
13	42098529	0.134006
13	43290922	0.0244957
13	44471983	0.275216
13	46414329	0.353026
13	48551920	0.184438
13	48694730	0.319885
13	49313075	0.662824
13	50159165	0.554755
13	53764479	0.0662824
13	54375907	0.12536
13	55498715	0.871758
13	56152565	0.788184
13	58620938	0.393372
13	58689340	0.367435
13	60894203	0.334294
13	61655731	0.949568
13	62670009	0.266571
13	64001706	0.0201729
13	64755965	0.0144092
13	64953501	0.56196
13	67228119	0.98415
13	68134671	0.0475504
13	68196572	0.840058
13	69195335	0.367435
13	70178061	0.0936599
13	70520688	0.118156
13	70721292	0.0763689
13	71846268	0.0432277
13	73654292	0.0893372
13	73730549	0.521614
13	73944832	0.902017
13	74159570	0.181556
13	74310094	0.266571
13	74666946	0.602305
13	75227254	0.589337
13	75504546	0.180115
13	78545425	0.269452
13	80033764	0.0504323
13	81313057	0.157061
13	81982181	0.371758
13	82416455	0.863112
13	83955005	0.479827
13	84886948	0.0432277
13	85225571	0.165706
13	85296920	0.324207
13	85365099	0.5317
13	87686087	0.0158501
13	88085955	0.207493
13	88770442	0.221902
13	88843221	0.0878963
13	89060355	0.0230548
13	89783381	0.959654
13	90731067	0.056196
13	91503379	0.191643
13	91572636	0.0230548
13	92812514	0.698847
13	93132543	0.129683
13	93984669	0.268012
13	95911944	0.0317003
13	97499189	0.29683
13	98797401	0.121037
13	99470990	0.149856
13	99539298	0.57781
13	100533880	0.0345821
13	100969934	0.305476
13	101183282	0.00864553
13	101525269	0.0634006
13	102208542	0.755043
13	103499715	0.154179
13	105451250	0.87464
13	106141952	0.451009
13	106392687	0.936599
13	108615603	0.474063
13	109084338	0.0605187
13	109523857	0.363112
13	112294615	0.799712
13	112808664	0.204611
13	112962633	0.0230548
13	113432165	0.106628
13	113536467	0.28098
13	113819948	0.25072
14	20540257	0.167147
14	22223502	0.363112
14	22660734	0.272334
14	22837758	0.0619597
14	23033488	0.037464
14	24323140	0.0446686
14	24394908	0.0677233
14	24932363	0.48415
14	26445434	0.0518732
14	28228855	0.0417867
14	28301623	0.634006
14	28513378	0.302594
14	29059048	0.0763689
14	31146905	0.0778098
14	31305197	0.259366
14	31449190	0.138329
14	33075243	0.684438
14	33147765	0.200288
14	33633155	0.17147
14	35869791	0.299712
14	36037687	0.0331412
14	37261090	0.136888
14	39111935	0.092219
14	39318321	0.243516
14	39667038	0.0144092
14	40965575	0.170029
14	41518144	0.634006
14	45103712	0.139769
14	45382277	0.0691643
14	46626462	0.018732
14	47784609	0.0648415
14	47922676	0.293948
14	52835834	0.182997
14	53836643	0.0907781
14	54492146	0.0590778
14	55635323	0.194524
14	55988436	0.449568
14	56391127	0.092219
14	58257515	0
14	58391797	0.255043
14	59079206	0.167147
14	59648420	0.0619597
14	61021891	0.670029
14	62328624	0.113833
14	62603546	0.161383
14	63835496	0.154179
14	64343666	0.497118
14	65880621	0.365994
14	66519137	0.0129683
14	68199598	0.149856
14	68603731	0.786744
14	68766811	0.0835735
14	69004042	0.131124
14	70794929	0.154179
14	70867934	0.0907781
14	72211948	0.772334
14	73541651	0.0216138
14	73844020	0.108069
14	74362935	0.145533
14	76065176	0.266571
14	77343692	0.18732
14	77412065	0.318444
14	78038642	0.576369
14	78178947	0.608069
14	78468576	0.791066
14	78606993	0.174352
14	79100775	0.0489914
14	79617175	0.170029
14	81128903	0.0230548
14	86529551	0.394813
14	87260189	0.942363
14	87891966	0.113833
14	88152814	0.200288
14	88424606	0.165706
14	88496081	0.0835735
14	88696303	0.200288
14	88760692	0.305476
14	89424174	0.301153
14	89818914	0.0994236
14	90607403	0.0417867
14	91019216	0.0806916
14	91157113	0.0461095
14	91734164	0.227666
14	92523786	0.151297
14	92992485	0.018732
14	93256048	0.0518732
14	93327438	0.161383
14	94201926	0.913545
14	94323978	0.639769
14	94632298	0.0763689
14	94906822	0.0835735
14	95018415	0.260807
14	96256471	0.399135
14	96448367	0.606628
14	96682783	0.298271
14	96894369	0.0648415
14	98619868	0.129683
14	98792879	0.0821326
14	98904960	0.971182
14	99018688	0.103746
14	99197967	0.201729
14	99266231	0.054755
14	99392241	0.237752
14	99718105	0.351585
14	101399787	0.560519
14	101529142	0.381844
14	101584142	0.867435
14	103076595	0.668588
14	103835128	0.564842
14	104038418	0.211816
14	104166783	0.302594
14	104624993	0.729107
14	104954376	0.353026
14	107171282	0.853026
15	23129027	0.236311
15	24257659	0.230548
15	24315868	0.128242
15	24367547	0.255043
15	24417499	0.180115
15	24461695	0.670029
15	25908369	0.0878963
15	26151685	0.416427
15	26262096	0.465418
15	26443944	0.0518732
15	28982127	0.322767
15	31700985	0.037464
15	33204419	0.174352
15	34291660	0.664265
15	35001752	0.64121
15	35069208	0.074928
15	35138500	0.0129683
15	35294435	0.48415
15	35825595	0.0475504
15	37646848	0.142651
15	37710619	0.181556
15	39508200	0.191643
15	39627146	0.056196
15	42579686	0.978386
15	42645892	0.292507
15	43972629	0.252161
15	44538660	0.963977
15	45526949	0.0317003
15	45688603	0.158501
15	47206675	0.0158501
15	48178096	0.172911
15	49506758	0.182997
15	51475652	0.0806916
15	52759420	0.15562
15	53943440	0.018732
15	55403672	0.953891
15	55465381	0.0389049
15	57388279	0.791066
15	57646861	0.651297
15	60476994	0.100865
15	60797128	0.0144092
15	61553374	0.896254
15	62077220	0.131124
15	62605621	0.348703
15	63641427	0.252161
15	63779752	0.407781
15	64358722	0.599424
15	66379744	0.168588
15	67634862	0.377522
15	68628601	0.903458
15	69481071	0.0965418
15	69628947	0.982709
15	69854306	0.138329
15	70127606	0.206052
15	70391638	0.690202
15	70598562	0.286744
15	71704609	0.638329
15	71774871	0.972622
15	74241749	0.230548
15	74952342	0.404899
15	79051721	0.145533
15	79848929	0.546109
15	79916695	0.12536
15	80581390	0.520173
15	80778586	0.0389049
15	83254070	0.518732
15	85428604	0.0792507
15	86207049	0.0489914
15	86376655	0.119597
15	86700316	0.384726
15	89094866	0.495677
15	89273097	0.0446686
15	89449627	0.613833
15	89511981	0.164265
15	90867363	0.139769
15	91710038	0.651297
15	91897748	0.430836
15	92869283	0.304035
15	93555717	0.185879
15	93776485	0.514409
15	95611011	0.136888
15	96673900	0.0648415
15	97571833	0.848703
15	98310219	0.695965
15	98901916	0.220461
15	99215615	0.847262
15	99832891	0.151297
15	100407427	0.226225
15	100707770	0.0806916
15	100955951	0.494236
15	101017490	0.345821
15	101900364	0.0158501
16	991002	0.492795
16	1173368	0.0403458
16	1485255	0.108069
16	1744736	0.0446686
16	3382058	0.850144
16	4766831	0.0216138
16	5499768	0.214697
16	5619469	0.674352
16	6266321	0.988473
16	6526273	0.494236
16	6858183	0.474063
16	6988871	0.149856
16	7015903	0.0979827
16	7532478	0.288184
16	10433449	0.0806916
16	10704535	0.341499
16	10896769	0.184438
16	11006543	0.394813
16	11288428	0.409222
16	11395915	0.0850144
16	11450111	0.178674
16	11533043	0.0259366
16	12452944	0.289625
16	12986597	0.557637
16	13888105	0.259366
16	14051776	0.338617
16	15850912	0.0518732
16	15915724	0.0893372
16	16879328	0.221902
16	17020134	0.727666
16	17280770	0.112392
16	17987625	0.0677233
16	18119013	0.188761
16	19359642	0.550432
16	20545986	0.0273775
16	23303517	0.0994236
16	24027018	0.0216138
16	24310100	0.0360231
16	24375802	0.445245
16	25285100	0.678674
16	25633443	0.0576369
16	25699761	0.551873
16	26793098	0.757925
16	27034474	0.495677
16	29216321	0.037464
16	31558110	0.0504323
16	31790668	0.0893372
16	34401335	0.074928
16	46412650	0.361671
16	47974543	0.0576369
16	48821420	0.435158
16	49157100	0.376081
16	49370208	0.00144092
16	49984049	0.0461095
16	50047925	0.0806916
16	50481811	0.0691643
16	52455456	0.073487
16	52971779	0.808357
16	53188669	0.259366
16	53508507	0.378963
16	53659461	0.0432277
16	53736998	0.0821326
16	54952312	0.0172911
16	55202592	0.110951
16	56327744	0.0878963
16	56552173	0.0504323
16	56733874	0.054755
16	57565469	0.909222
16	58086101	0.0331412
16	58227983	0.429395
16	58909324	0.184438
16	59501684	0.116715
16	59574268	0.332853
16	64348270	0.112392
16	65844795	0.517291
16	66034795	0.488473
16	66162454	0.105187
16	68008679	0.0201729
16	69478082	0.018732
16	70021457	0.322767
16	70167808	0.0172911
16	71965230	0.134006
16	72155580	0.0951009
16	73009698	0.404899
16	74173179	0.275216
16	74300016	0.144092
16	74427366	0.145533
16	76276174	0.534582
16	77481986	0.191643
16	77587083	0.495677
16	78076222	0.425072
16	78649717	0.747839
16	79129543	0.466859
16	79167548	0.273775
16	79203866	0.0533141
16	80409383	0.14121
16	80503223	0.520173
16	81035637	0.631124
16	81455658	0.0475504
16	81508633	0.00288184
16	81654451	0.115274
16	82157889	0.579251
16	82292326	0.527378
16	82421716	0.0115274
16	82819444	0.317003
16	83262240	0.167147
16	83302526	0.092219
16	83554505	0.054755
16	85259223	0.387608
16	85932351	0.056196
16	86075101	0.188761
16	86117695	0.0158501
16	87361393	0.168588
16	87410826	0.188761
16	87669882	0.501441
16	87779664	0.0662824
16	87869540	0.201729
16	88362812	0.0259366
16	88651295	0.161383
16	89170679	0.782421
17	970601	0.897695
17	2324664	0.0158501
17	2456469	0.0864553
17	3078354	0.347262
17	3756724	0.615274
17	4602937	0.721902
17	4992114	0.461095
17	5199038	0.521614
17	5270712	0.12536
17	5406110	0.0345821
17	5737066	0.342939
17	6171630	0.376081
17	6420022	0.0244957
17	6560596	0.560519
17	9787936	0.0144092
17	10025825	0.334294
17	10219774	0.260807
17	10775044	0.991354
17	13542902	0.0965418
17	15247523	0.582133
17	16859829	0.0331412
17	16992544	0.492795
17	17130237	0.733429
17	17742904	0.445245
17	18815547	0.159942
17	20459319	0.404899
17	21144074	0.504323
17	25714761	0.407781
17	26047381	0.64121
17	27610597	0.350144
17	28534469	0.573487
17	28924585	0.230548
17	29284214	0.056196
17	30038259	0.175793
17	30316385	0.0821326
17	31624706	0.210375
17	32802236	0.364553
17	32923347	0.123919
17	33832308	0.419308
17	33981704	0.857349
17	34198593	0.0259366
17	35338366	0.0994236
17	35901374	0.338617
17	36499795	0.177233
17	37004449	0.25072
17	38418212	0.149856
17	38718890	0.0619597
17	39081713	0.608069
17	39146734	0.536023
17	40480498	0.0979827
17	43421720	0.0763689
17	44242759	0.139769
17	45045894	0.478386
17	46010380	0.324207
17	47226651	0.32853
17	47374886	0.0504323
17	47916797	0.90634
17	49018764	0.0216138
17	49900684	0.0172911
17	50634521	0.332853
17	50701041	0.623919
17	51039815	0.482709
17	52030913	0.0533141
17	52928603	0.0389049
17	54095803	0.102305
17	55100114	0.442363
17	55871251	0.136888
17	57816578	0.180115
17	58589355	0.037464
17	58983549	0.207493
17	60326449	0.279539
17	60709277	0.521614
17	62025238	0.283862
17	63276780	0.39049
17	63980599	0.0850144
17	64690492	0.122478
17	65171122	0.0317003
17	68927276	0.268012
17	70903286	0.511527
17	71352518	0.037464
17	71607027	0.554755
17	72462466	0.662824
17	72974577	0.0446686
17	74103599	0.825648
17	74306274	0.0201729
17	74938488	0.182997
17	76933645	0.386167
17	77266813	0.517291
17	78037029	0.0317003
17	78634810	0.17147
17	78919131	0.270893
17	79020533	0.282421
17	79217478	0.48415
17	80084080	0.37464
18	369148	0.0605187
18	630796	0.197406
18	826506	0.0129683
18	1531453	0.172911
18	2638079	0.0706052
18	3101520	0.629683
18	4673119	0.0720461
18	5255457	0.68732
18	6534934	0.459654
18	6729022	0.622478
18	7301170	0.149856
18	8206173	0.644092
18	8575945	0.0605187
18	9714212	0.073487
18	9977469	0.165706
18	10344914	0.377522
18	10714679	0.191643
18	12104380	0.210375
18	12317836	0.793948
18	13354105	0.0273775
18	13421467	0.659942
18	14293150	0.0677233
18	20647610	0.801153
18	20718897	0.240634
18	23138200	0.474063
18	24094016	0.396254
18	24174719	0.266571
18	24246324	0.12536
18	24469653	0.301153
18	24537524	0.0590778
18	25002462	0.37464
18	25155168	0.311239
18	26127280	0.224784
18	26345969	0.34438
18	27141815	0.685879
18	27972066	0.28098
18	29700550	0.0489914
18	30301116	0.276657
18	30620082	0.0504323
18	31100421	0.0417867
18	32097329	0.018732
18	33599720	0.10951
18	34229142	0.018732
18	35798082	0.5317
18	37575759	0.231988
18	37647852	0.54755
18	38509084	0.939481
18	39414215	0.170029
18	39705550	0.684438
18	40625780	0.145533
18	45693972	0.17147
18	45833032	0.138329
18	46043029	0.0648415
18	47957890	0.364553
18	48434110	0.770893
18	48942264	0.814121
18	49955005	0.878963
18	50151945	0.847262
18	50216372	0.396254
18	50498354	0.168588
18	50688149	0.59366
18	51204980	0.67147
18	53577346	0.791066
18	55279262	0.158501
18	57704598	0.606628
18	59382077	0.0244957
18	60255742	0.106628
18	61409858	0.953891
18	62223552	0.0259366
18	63497191	0.135447
18	66951620	0.0158501
18	67018798	0.945245
18	68140526	0.132565
18	68774209	0.528818
18	69640864	0.242075
18	70365058	0.0619597
18	70430094	0.0951009
18	71137317	0.681556
18	74094506	0.161383
18	75005559	0.0590778
18	75126203	0.512968
18	75324205	0.377522
18	76072218	0.216138
18	76286878	0.191643
18	77574374	0.201729
19	295847	0.632565
19	488391	0.0720461
19	4034206	0.0158501
19	4658607	0.18732
19	4781380	0.410663
19	5355331	0.82853
19	6370208	0.191643
19	6621851	0.227666
19	6739710	0.383285
19	7202049	0.32853
19	7264927	0.0648415
19	7773933	0.704611
19	7897593	0.172911
19	8098940	0.0965418
19	12482705	0.273775
19	12545425	0.308357
19	12824015	0.0461095
19	13682490	0.0345821
19	13746693	0.507205
19	14568691	0.134006
19	14952238	0.119597
19	15135741	0.275216
19	15683159	0.178674
19	16154910	0.608069
19	16549890	0.0821326
19	16759015	0.0317003
19	17842205	0.161383
19	18375035	0.341499
19	18708414	0.0331412
19	18978119	0.0172911
19	19393714	0.260807
19	19533880	0.112392
19	20046102	0.0317003
19	20858625	0.35879
19	20925144	0.0634006
19	21831057	0.0835735
19	22794881	0.134006
19	23371470	0.853026
19	28893873	0.821326
19	29326179	0.195965
19	29866045	0.335735
19	29919576	0.693084
19	30099457	0.840058
19	30700193	0.455331
19	30916121	0.364553
19	32103145	0.0446686
19	34321992	0.514409
19	35852880	0.670029
19	36828217	0.402017
19	37162125	0.201729
19	37651470	0.122478
19	37732815	0.142651
19	39430501	0.252161
19	40501915	0.0230548
19	40886187	0.018732
19	43126969	0.275216
19	43919808	0.308357
19	44279789	0.0403458
19	44437979	0.302594
19	45346069	0.0389049
19	46726745	0.416427
19	51685706	0.211816
19	53234323	0.317003
19	53389871	0.10951
19	53629844	0.172911
19	53813678	0.0821326
19	54562177	0.894813
19	54726226	0.814121
19	55147816	0.0979827
19	55324171	0.0302594
19	55384356	0.860231
19	55994708	0.0475504
19	56350716	0.262248
19	57464875	0.0432277
19	57842974	0.713256
19	58279845	0.0403458
1	1032388	0.0691643
1	1323947	0.193084
1	2025441	0.00576369
1	2623326	0.851585
1	3227170	0.0634006
1	3644858	0.0806916
1	4235768	0.821326
1	4473263	0.0662824
1	7095222	0.054755
1	8228694	0.0489914
1	9139627	0.785303
1	10004882	0.883285
1	11252716	0.851585
1	11839435	0.969741
1	14197525	0.0951009
1	15459546	0.0115274
1	16451413	0.93804
1	16869901	0.355908
1	17062016	0.746398
1	19308155	0.582133
1	19903728	0.0605187
1	20586380	0.688761
1	21143733	0.783862
1	21307744	0.10951
1	21830340	0.420749
1	24861049	0.0172911
1	25876340	0.0317003
1	28088583	0.0864553
1	28555426	0.288184
1	29491088	0.206052
1	29644184	0.0533141
1	30064687	0.146974
1	30525681	0.364553
1	30773656	0.0244957
1	31255905	0.566282
1	32241227	0.28098
1	33538614	0.0317003
1	34141355	0.979827
1	34277722	0.868876
1	34486225	0.0821326
1	35242436	0.233429
1	36851843	0.092219
1	37584326	0.074928
1	40152676	0.680115
1	40447053	0.0590778
1	40987301	0.110951
1	42606766	0.301153
1	42757030	0.842939
1	46647972	0.972622
1	47386720	0.0288184
1	49127598	0.497118
1	52190145	0.0331412
1	53568099	0.113833
1	53845440	0.877522
1	54956262	0.399135
1	56787384	0.262248
1	57627874	0.0216138
1	57767050	0.684438
1	58413084	0.512968
1	58853266	0.220461
1	62607616	0.0273775
1	63042126	0.610951
1	63285033	0.226225
1	64029606	0.670029
1	64647608	0.56196
1	64793352	0.0216138
1	65723174	0.204611
1	66129646	0.48415
1	66805270	0.0389049
1	67003458	0.276657
1	67287174	0.167147
1	67675883	0.0172911
1	68473073	0.818444
1	69786186	0.170029
1	72479322	0.103746
1	73106029	0.26513
1	73180606	0.0345821
1	73322657	0.894813
1	73763426	0.0403458
1	73837417	0.399135
1	74474583	0.324207
1	74699099	0.0259366
1	76689130	0.0504323
1	77130386	0.498559
1	77475915	0.311239
1	78694556	0.536023
1	79391605	0.583573
1	79589631	0.152738
1	80054305	0.279539
1	80270404	0.136888
1	80477722	0.154179
1	80613801	0.533141
1	80946753	0.0677233
1	81150907	0.206052
1	81341758	0.378963
1	81745893	0.266571
1	82136226	0.135447
1	83114950	0.0504323
1	83550156	0.227666
1	84112765	0.433718
1	84324834	0.0634006
1	84574282	0.373199
1	85203196	0.896254
1	85346224	0.0979827
1	85488757	0.335735
1	86407018	0.0821326
1	86478662	0.110951
1	86992947	0.21902
1	91093014	0.768012
1	91699151	0.177233
1	91929916	0.0662824
1	93179175	0.942363
1	94319732	0.0475504
1	94595597	0.14121
1	95048936	0.175793
1	95713758	0.119597
1	96395343	0.178674
1	96470185	0.278098
1	96847486	0.273775
1	96917491	0.420749
1	98407367	0.116715
1	98774293	0.110951
1	99928109	0.162824
1	100286952	0.595101
1	100612675	0.335735
1	101883032	0.272334
1	102411194	0.377522
1	102484197	0.0244957
1	104880306	0.0389049
1	105046945	0.772334
1	105289465	0.302594
1	108582810	0.288184
1	108884883	0.589337
1	109804813	0.018732
1	110334812	0.191643
1	111208422	0.596542
1	111795352	0.286744
1	111990736	0.126801
1	113042549	0.0489914
1	113571836	0.632565
1	114057949	0.298271
1	114574233	0.84438
1	114705427	0.530259
1	117621281	0.165706
1	117765699	0.210375
1	119375130	0.289625
1	119446001	0.412104
1	119895261	0.0605187
1	143517337	0.337176
1	146652118	0.0331412
1	149065406	0.236311
1	151932375	0.923631
1	152764795	0.054755
1	153140359	0.0230548
1	155940948	0.649856
1	160258242	0.511527
1	161559327	0.789625
1	161700231	0.932277
1	163717209	0.397695
1	164540861	0.426513
1	165150126	0.572046
1	165216783	0.105187
1	166660101	0.622478
1	168455065	0.073487
1	171396584	0.489914
1	171690238	0.0763689
1	171762125	0.119597
1	171915057	0.100865
1	173098695	0.0590778
1	173576971	0.0504323
1	173666177	0.233429
1	174488230	0.331412
1	175299301	0.763689
1	177780156	0.15562
1	178924615	0.599424
1	179363275	0.0634006
1	179428362	0.0619597
1	180530769	0.0230548
1	182040959	0.123919
1	182189739	0.48415
1	183371192	0.182997
1	183610416	0.0360231
1	183765630	0.154179
1	184205634	0.78098
1	185188793	0.348703
1	185761151	0.0288184
1	187250261	0.642651
1	189067463	0.608069
1	189802438	0.286744
1	190622633	0.769452
1	191106026	0.512968
1	193935950	0.159942
1	194349410	0.0576369
1	194542413	0.546109
1	195217561	0.15562
1	196126735	0.0677233
1	198288709	0.659942
1	198751393	0.233429
1	199741049	0.501441
1	199971363	0.899135
1	201080369	0.116715
1	201326838	0.180115
1	202027755	0.123919
1	202098078	0.25072
1	203487892	0.0201729
1	203989800	0.074928
1	204413748	0.759366
1	204625007	0.963977
1	204906600	0.103746
1	205334476	0.582133
1	205620895	0.113833
1	208072697	0.211816
1	208280881	0.772334
1	209999051	0.338617
1	210387562	0.220461
1	211002395	0.0634006
1	211142834	0.126801
1	212444904	0.0432277
1	213050887	0.85879
1	215012412	0.429395
1	215095955	0.00288184
1	215845310	0.279539
1	216049162	0.5317
1	216184427	0.713256
1	216674316	0.409222
1	217022299	0.092219
1	217356154	0.0129683
1	217415162	0.128242
1	217474401	0.0763689
1	219974057	0.0634006
1	221603142	0.054755
1	222234225	0.108069
1	222542529	0.629683
1	226000303	0.018732
1	226367874	0.0172911
1	226602510	0.371758
1	227333175	0.0244957
1	227983336	0.0403458
1	228193931	0.106628
1	229823966	0.25072
1	230594749	0.494236
1	232695646	0.227666
1	232892425	0.0576369
1	233030248	0.0172911
1	234410343	0.0461095
1	234812041	0.121037
1	235160328	0.409222
1	237138582	0.275216
1	237481988	0.0417867
1	238157240	0.64121
1	238506357	0.204611
1	239569350	0.975504
1	241880580	0.054755
1	243451405	0.595101
1	246308279	0.912104
1	246647966	0.283862
1	247267668	0.341499
1	247611413	0.0201729
1	248143743	0.0158501
1	248266382	0.0129683
1	248525330	0.263689
20	138620	0.348703
20	779237	0.227666
20	1405756	0.711816
20	1474481	0.0331412
20	1539350	0.678674
20	2024688	0.742075
20	2089036	0.685879
20	2631075	0.342939
20	2842102	0.544669
20	3638518	0.0432277
20	4188267	0.498559
20	4395778	0.322767
20	4532711	0.770893
20	5058088	0.533141
20	6336546	0.056196
20	8407440	0.367435
20	10092626	0.0158501
20	11857213	0.682997
20	12577504	0.154179
20	12700976	0.0951009
20	13492998	0.17147
20	13877161	0.403458
20	14523712	0.181556
20	15747063	0.210375
20	18065024	0.185879
20	18721378	0.26513
20	19200608	0.037464
20	20019147	0.20317
20	21934525	0.674352
20	23312692	0.0360231
20	24728125	0.305476
20	25280781	0.347262
20	25708759	0.0878963
20	31289047	0.497118
20	33971085	0.711816
20	34346502	0.158501
20	37152920	0.0259366
20	37294883	0.600865
20	37366096	0.293948
20	37820996	0.227666
20	39876567	0.129683
20	40784747	0.0533141
20	42554374	0.0417867
20	43265604	0.720461
20	43794070	0.0878963
20	44228051	0.0648415
20	46280584	0.0965418
20	46404712	0.037464
20	47047747	0.0259366
20	47341907	0.404899
20	47924908	0.100865
20	48924164	0.651297
20	49741474	0.092219
20	50062586	0.108069
20	50328487	0.904899
20	51450612	0.0201729
20	52213648	0.864553
20	52628524	0.0201729
20	53609874	0.240634
20	54372682	0.0115274
20	56052598	0.0763689
20	56230137	0.0432277
20	56528352	0.0662824
20	58284254	0.0244957
20	59722734	0.0446686
20	60130351	0.479827
20	60289603	0.185879
20	60989365	0.348703
21	11138265	0.502882
21	15632001	0.455331
21	15954528	0.465418
21	16679853	0.0129683
21	16812630	0.436599
21	16940401	0.158501
21	17001763	0.817003
21	18431308	0.727666
21	18537161	0.174352
21	18583786	0.108069
21	19066540	0.429395
21	19491628	0.0706052
21	19563425	0.32853
21	19636897	0.0778098
21	20246704	0.0850144
21	21212781	0.0244957
21	21848069	0.795389
21	21963752	0.631124
21	22135991	0.817003
21	22784738	0.197406
21	23536587	0.197406
21	23932413	0.540346
21	24120742	0.958213
21	24253712	0.0129683
21	24389489	0.0389049
21	24456769	0.194524
21	24996901	0.317003
21	25300358	0.282421
21	28828764	0.319885
21	29694821	0.82853
21	29765916	0.197406
21	31186894	0.0417867
21	31249960	0.0259366
21	31381148	0.0864553
21	33924375	0.0821326
21	34517455	0.0835735
21	36689751	0.131124
21	37377631	0.28098
21	38724829	0.0677233
21	39731391	0.0475504
21	40080260	0.840058
21	40221279	0.540346
21	40350931	0.319885
21	40627020	0.465418
21	40828382	0.135447
21	41415044	0.348703
21	41601422	0.432277
21	41849478	0.178674
21	42356817	0.123919
21	42612880	0.112392
21	43161805	0.576369
21	44632427	0.0317003
21	44923645	0.0634006
21	45141115	0.789625
21	46252318	0.106628
21	46454595	0.451009
21	46905041	0.256484
21	46947477	0.589337
21	47718633	0.610951
22	17747278	0.139769
22	18237906	0.0706052
22	19050878	0.502882
22	19535132	0.0878963
22	19962769	0.649856
22	21560491	0.0446686
22	22534363	0.474063
22	23056273	0.247839
22	23103832	0.563401
22	23551151	0.0230548
22	24119331	0.0201729
22	25692224	0.586455
22	26190291	0.755043
22	27120203	0.0691643
22	27257220	0.0446686
22	27672797	0.0100865
22	29273028	0.074928
22	29512730	0.0994236
22	29934547	0.162824
22	31037602	0.659942
22	31336149	0.337176
22	32736667	0.201729
22	32860250	0.409222
22	34105222	0.502882
22	35997971	0.0979827
22	37070055	0.292507
22	37381343	0.233429
22	37509087	0.21902
22	37569796	0.845821
22	38071511	0.31268
22	38196837	0.914986
22	39264805	0.0216138
22	39894549	0.0360231
22	41374107	0.138329
22	43095457	0.912104
22	43540978	0.35879
22	45261328	0.867435
22	45858278	0.151297
22	45981504	0.602305
22	46591845	0.0691643
22	46657798	0.132565
22	46719357	0.0158501
22	46815928	0.0677233
22	47130782	0.504323
22	47613543	0.056196
22	47774429	0.119597
22	48679288	0.161383
22	49467981	0.24928
22	49560321	0.654179
22	50618066	0.0115274
2	258210	0.233429
2	854963	0.367435
2	1152946	0.959654
2	1810457	0.0403458
2	2191758	0.0979827
2	2728385	0.0763689
2	3674077	0.0792507
2	4169089	0.00576369
2	5859603	0.0461095
2	6334830	0.487032
2	6582822	0.136888
2	7164812	0.381844
2	7582762	0.190202
2	8093026	0.0432277
2	9918758	0.35879
2	10239208	0.0648415
2	10739651	0.563401
2	10988517	0.159942
2	12043319	0.236311
2	12169010	0.0951009
2	12930405	0.0504323
2	14350328	0.682997
2	15227430	0.357349
2	16176894	0.175793
2	18072528	0.508646
2	18145021	0.142651
2	18465890	0.0994236
2	18529866	0.462536
2	19099097	0.71902
2	19514419	0.327089
2	19856960	0.672911
2	20042121	0.115274
2	23337884	0.335735
2	23544311	0.132565
2	24168188	0.639769
2	25100738	0.317003
2	25956445	0.246398
2	26960055	0.0792507
2	28145313	0.0446686
2	28481632	0.105187
2	29436633	0.619597
2	29698164	0.75072
2	29823352	0.700288
2	30342750	0.766571
2	30741913	0.837176
2	30941795	0.665706
2	32192141	0.0821326
2	33098558	0.0605187
2	33228292	0.423631
2	34142201	0.475504
2	34644214	0.350144
2	35557894	0.0273775
2	36870416	0.106628
2	37235324	0.393372
2	37302180	0.270893
2	38524487	0.321326
2	38993777	0.891931
2	40927841	0.43804
2	42442163	0.0259366
2	42497913	0.149856
2	45542306	0.399135
2	45803035	0.520173
2	46400604	0.850144
2	47119806	0.204611
2	48040784	0.00576369
2	48744928	0.0605187
2	48861343	0.201729
2	51326497	0.236311
2	52346248	0.0317003
2	52644607	0.0691643
2	52808561	0.247839
2	54584738	0.916427
2	54844970	0.0979827
2	55034113	0.936599
2	56108333	0.331412
2	56622818	0.587896
2	57247562	0.132565
2	57306578	0.0115274
2	57479702	0.221902
2	57718298	0.0331412
2	58892049	0.092219
2	59433022	0.755043
2	59896923	0.769452
2	60538243	0.642651
2	60739061	0.270893
2	64820733	0.246398
2	65448897	0.180115
2	66414782	0.262248
2	67608838	0.0677233
2	69361621	0.0677233
2	70459227	0.576369
2	71214755	0.132565
2	71270035	0.325648
2	71469011	0.95245
2	72339870	0.135447
2	73419367	0.309798
2	75458058	0.136888
2	75979892	0.229107
2	76363928	0.136888
2	76760870	0.817003
2	77367890	0.403458
2	78459643	0.0677233
2	80053619	0.0259366
2	81104506	0.439481
2	81230361	0.243516
2	81851587	0.0720461
2	82124086	0.471182
2	83762070	0.45245
2	83841825	0.0244957
2	86923434	0.585014
2	87291652	0.092219
2	89833145	0.073487
2	98393894	0.201729
2	99379459	0.475504
2	101104652	0.268012
2	101303625	0.102305
2	102431663	0.0605187
2	102511761	0.037464
2	102984624	0.272334
2	103335754	0.0461095
2	103561126	0.210375
2	103633789	0.0331412
2	104127109	0.289625
2	106012413	0.0965418
2	107219263	0.943804
2	107951720	0.582133
2	108536524	0.621037
2	110278197	0.268012
2	112400825	0.0619597
2	113608823	0.471182
2	114479646	0.0878963
2	115063111	0.402017
2	116825042	0.0115274
2	117094197	0.102305
2	117894381	0.883285
2	118019225	0.217579
2	118160828	0.361671
2	118350241	0.289625
2	118406824	0.0504323
2	119631220	0.0706052
2	119886918	0.423631
2	121001451	0.0172911
2	121835283	0.386167
2	122665583	0.174352
2	123332354	0.548991
2	123973769	0.363112
2	124095615	0.636888
2	124275175	0.275216
2	125083298	0.23487
2	125551558	0.0778098
2	126169657	0.174352
2	126766935	0.162824
2	126839337	0.0893372
2	127517228	0.230548
2	128110082	0.144092
2	128660235	0.0662824
2	130179831	0.466859
2	132766337	0.0634006
2	133435305	0.520173
2	133506387	0.0979827
2	133644246	0.453891
2	134783395	0.184438
2	135053117	0.587896
2	135342391	0.391931
2	135576890	0.106628
2	138071239	0.17147
2	138622180	0.695965
2	139499973	0.962536
2	139919694	0.282421
2	141627898	0.505764
2	142075788	0.54755
2	142199474	0.0907781
2	143249298	0.0907781
2	143692887	0.0230548
2	143916311	0.309798
2	144062815	0.0878963
2	145186749	0.534582
2	146573408	0.838617
2	151320822	0.105187
2	151835317	0.695965
2	152135415	0.122478
2	152892606	0.79683
2	153345413	0.0273775
2	154993640	0.102305
2	155364830	0.426513
2	159061166	0.121037
2	159615541	0.129683
2	162352888	0.93804
2	162432494	0.0720461
2	162741508	0.0706052
2	163036308	0.0778098
2	165050549	0.373199
2	165999040	0.361671
2	167331603	0.534582
2	168224154	0.909222
2	168848831	0.466859
2	169352260	0.962536
2	169634963	0.073487
2	170479662	0.0576369
2	170778696	0.455331
2	173248951	0.132565
2	174831023	0.293948
2	175079597	0.518732
2	177804944	0.713256
2	178551511	0.0850144
2	178697529	0.073487
2	179639297	0.940922
2	180261951	0.0533141
2	181271753	0.286744
2	181409601	0.122478
2	181917754	0.180115
2	182441862	0.304035
2	183052913	0.453891
2	184365753	0.105187
2	184503365	0.461095
2	187104885	0.0302594
2	188539571	0.891931
2	191294529	0.642651
2	192163406	0.586455
2	192678266	0.146974
2	192986104	0.167147
2	193219056	0.0821326
2	194228442	0.492795
2	194463663	0.942363
2	195671235	0.864553
2	198561735	0.195965
2	204173571	0.946686
2	206071402	0.100865
2	209057517	0.0172911
2	209622211	0.054755
2	209944440	0.596542
2	210375378	0.79683
2	214003871	0.651297
2	216300795	0.302594
2	216523201	0.185879
2	216886889	0.747839
2	216959230	0.172911
2	218711738	0.324207
2	219420694	0.0244957
2	220612810	0.430836
2	221166863	0.240634
2	222064941	0.355908
2	222267191	0.363112
2	222407442	0.543228
2	223873299	0.167147
2	224009048	0.933718
2	225131678	0.685879
2	228104454	0.752161
2	229252098	0.0893372
2	231425650	0.0951009
2	232507685	0.148415
2	232985546	0.113833
2	233937896	0.105187
2	234574613	0.0835735
2	234829120	0.0619597
2	235648975	0.321326
2	236394141	0.504323
2	238554999	0.589337
2	239798594	0.488473
2	239941638	0.289625
2	241005516	0.445245
2	242327076	0.14121
2	242759777	0.563401
3	259457	0.0417867
3	3030223	0.396254
3	3089219	0.204611
3	3533727	0.753602
3	3979796	0.472622
3	5094952	0.386167
3	5325924	0.675793
3	5433969	0.246398
3	5934444	0.773775
3	7428082	0.164265
3	7954629	0.0850144
3	8817758	0.154179
3	8882406	0.0662824
3	9274068	0.489914
3	9553006	0.105187
3	10132460	0.172911
3	10320968	0.350144
3	10448426	0.73487
3	13150039	0.0662824
3	13715876	0.0965418
3	14309514	0.0533141
3	14428788	0.949568
3	14826422	0.210375
3	15173371	0.0936599
3	16161153	0.112392
3	16845144	0.317003
3	18517403	0.491354
3	18597255	0.0100865
3	19253068	0.0230548
3	19616897	0.134006
3	19823532	0.214697
3	21307401	0.416427
3	22173759	0.93804
3	22718898	0.631124
3	22833761	0.916427
3	23158915	0.195965
3	24086300	0.157061
3	24275702	0.0489914
3	24747610	0.198847
3	24933191	0.425072
3	25147501	0.24928
3	25880631	0.870317
3	27095656	0.15562
3	27301586	0.363112
3	27444392	0.327089
3	27645090	0.193084
3	30857228	0.436599
3	32012756	0.00288184
3	32157107	0.269452
3	34052342	0.442363
3	34861338	0.0244957
3	35278145	0.157061
3	36148763	0.40634
3	36212748	0.0230548
3	37018991	0.351585
3	37485641	0.158501
3	37628954	0.62536
3	38085448	0.20317
3	39268725	0.527378
3	41136285	0.397695
3	43010683	0.0201729
3	43605688	0.834294
3	45653577	0.0619597
3	46468813	0.0864553
3	46851007	0.037464
3	47090661	0.0259366
3	48293524	0.184438
3	49539401	0.17147
3	50637469	0.613833
3	50987194	0.596542
3	53066268	0.0936599
3	54476770	0.255043
3	55107944	0.0821326
3	55171127	0.302594
3	55363997	0.0158501
3	58049891	0.564842
3	58324283	0.0489914
3	61725220	0.779539
3	62841521	0.182997
3	64462678	0.651297
3	64780788	0.658501
3	64964661	0.817003
3	65307541	0.0446686
3	66134038	0.074928
3	66853608	0.226225
3	68464042	0.207493
3	69648484	0.514409
3	71907532	0.533141
3	72361157	0.985591
3	73821584	0.0288184
3	74082903	0.106628
3	74608447	0.0403458
3	75594495	0.341499
3	75996625	0.0172911
3	76539092	0.289625
3	76682820	0.142651
3	78280919	0.936599
3	79449839	0.564842
3	79738599	0.554755
3	80536788	0.75072
3	83849641	0.0907781
3	84261341	0.0605187
3	85950384	0.0605187
3	88296807	0.926513
3	89649439	0.0936599
3	95005277	0.910663
3	95184863	0.279539
3	95313570	0.677233
3	95373871	0.018732
3	95498844	0.21902
3	96805038	0.121037
3	96880241	0.380403
3	97469435	0.275216
3	97790565	0.56196
3	97846458	0.582133
3	98109873	0.0144092
3	98306216	0.466859
3	98594902	0.092219
3	100827338	0.119597
3	103299709	0.103746
3	103361353	0.498559
3	104178878	0.887608
3	104326460	0.449568
3	104777973	0.619597
3	105280205	0.478386
3	105488076	0.29683
3	106159393	0.384726
3	106725717	0.400576
3	106795695	0.789625
3	107720228	0.126801
3	107868661	0.0835735
3	109439443	0.263689
3	110166084	0.128242
3	111529928	0.0302594
3	113004155	0.0821326
3	115358824	0.259366
3	115728651	0.426513
3	116102745	0.0878963
3	116246864	0.329971
3	116651981	0.524496
3	116990816	0.210375
3	117056941	0.622478
3	117460638	0.195965
3	118669017	0.0893372
3	119016198	0.018732
3	119372164	0.410663
3	120359421	0.138329
3	121020169	0.247839
3	121712980	0.583573
3	121871331	0.864553
3	122854935	0.200288
3	123583879	0.894813
3	124202107	0.273775
3	125459083	0.102305
3	125493356	0.64121
3	126641756	0.0907781
3	127860479	0.128242
3	129272696	0.0965418
3	131354616	0.230548
3	131690170	0.226225
3	132052401	0.0720461
3	132512280	0.256484
3	132937947	0.380403
3	137160213	0.559078
3	137682900	0.592219
3	137836353	0.729107
3	140138554	0.056196
3	140415361	0.0302594
3	140634101	0.0893372
3	141128804	0.167147
3	144590263	0.074928
3	144660477	0.440922
3	144944044	0.829971
3	145495730	0.073487
3	146257393	0.217579
3	147302194	0.278098
3	147862402	0.448127
3	148302338	0.172911
3	148818772	0.0172911
3	149379353	0.321326
3	149767539	0.105187
3	149839729	0.0216138
3	151140556	0.82853
3	153242983	0.105187
3	153889601	0.429395
3	155758614	0.0446686
3	156908720	0.469741
3	156991097	0.471182
3	158168585	0.056196
3	158247007	0.0835735
3	158557459	0.170029
3	159137759	0.387608
3	160220716	0.103746
3	160681614	0.305476
3	160836700	0.54755
3	163216268	0.0864553
3	163513470	0.912104
3	163660882	0.15562
3	164196906	0.0951009
3	164341382	0.207493
3	165612909	0.0605187
3	167870265	0.0662824
3	170223550	0.056196
3	171827336	0.0907781
3	172046933	0.474063
3	172846749	0.20317
3	173158103	0.288184
3	174123537	0.626801
3	174352297	0.161383
3	174490143	0.478386
3	175200194	0.368876
3	176021945	0.631124
3	176373380	0.691643
3	176926429	0.386167
3	177276418	0.436599
3	178444271	0.62536
3	178750644	0.805476
3	178911975	0.115274
3	180648682	0.243516
3	181940645	0.0677233
3	183089760	0.0965418
3	183730116	0.0216138
3	184485841	0.0792507
3	186000722	0.177233
3	187139513	0.959654
3	188646633	0.0244957
3	189778883	0.115274
3	189900554	0.0317003
3	190695356	0.0461095
3	191176545	0.621037
3	191792018	0.135447
3	192907683	0.870317
3	193684005	0.0489914
3	193744854	0.548991
3	194064402	0.0259366
3	194251804	0.682997
3	194308765	0.0979827
3	194363175	0.164265
3	194666803	0.0821326
3	194776943	0.370317
3	195232655	0.0345821
3	195597549	0.81268
3	195724614	0.108069
3	196045555	0.512968
3	196247440	0.332853
3	196948655	0.711816
3	197258289	0.308357
3	197884429	0.10951
4	506372	0.0331412
4	726322	0.269452
4	1254930	0.902017
4	1310448	0.0389049
4	1560645	0.0720461
4	2358232	0.427954
4	2669409	0.037464
4	3928134	0.291066
4	4079124	0.0432277
4	4120743	0.551873
4	5525378	0.0201729
4	7216154	0.329971
4	7876390	0.268012
4	8291102	0.492795
4	8697488	0.204611
4	8792701	0.276657
4	8868171	0.0288184
4	9093536	0.269452
4	9418944	0.0432277
4	9979279	0.347262
4	11115352	0.144092
4	11490786	0.272334
4	11549298	0.690202
4	11836893	0.152738
4	12793585	0.357349
4	13927930	0.122478
4	15499251	0.544669
4	16298575	0.292507
4	16862164	0.393372
4	16930525	0.105187
4	18324844	0.448127
4	19521505	0.893372
4	21117046	0.190202
4	21375450	0.0994236
4	21637244	0.074928
4	22176328	0.191643
4	24340511	0.126801
4	27620640	0.037464
4	29924629	0.018732
4	30604773	0.190202
4	32454478	0.273775
4	34107879	0.23487
4	34868958	0.289625
4	35366128	0.0605187
4	35602061	0.139769
4	35718067	0.523055
4	35852682	0.867435
4	36131060	0.347262
4	37004743	0.386167
4	37557342	0.471182
4	38235883	0.678674
4	38578137	0.0273775
4	38979682	0.0144092
4	39129844	0.595101
4	39829849	0.309798
4	41320231	0.319885
4	42618822	0.247839
4	42751332	0.18732
4	43892682	0.185879
4	44577166	0.12536
4	46027834	0.476945
4	46709927	0.329971
4	47480558	0.0446686
4	54243141	0.105187
4	54462212	0.270893
4	54596795	0.0850144
4	55096270	0.463977
4	55769394	0.00864553
4	56158891	0.0389049
4	56519241	0.37464
4	58144650	0.0115274
4	58720485	0.586455
4	60006819	0.556196
4	60064254	0.566282
4	61226168	0.0288184
4	62032070	0.216138
4	62172534	0.747839
4	62313287	0.979827
4	62390461	0.626801
4	62610696	0.0345821
4	63537123	0.0835735
4	63769930	0.201729
4	64668641	0.181556
4	64796557	0.762248
4	65869002	0.102305
4	66382876	0.152738
4	66513573	0.658501
4	66961462	0.0806916
4	68043486	0.573487
4	68243568	0.729107
4	68468228	0.373199
4	68690277	0.100865
4	69610004	0.521614
4	69952082	0.680115
4	70171938	0.448127
4	70765008	0.478386
4	71013320	0.978386
4	71079513	0.20317
4	71213394	0.148415
4	73492494	0.0216138
4	73552093	0.112392
4	73679419	0.174352
4	73733122	0.239193
4	75370215	0.122478
4	75977301	0.28098
4	76514614	0.283862
4	78250309	0.317003
4	79518887	0.0259366
4	79982533	0.871758
4	80769324	0.792507
4	81545638	0.0144092
4	82942076	0.204611
4	83241134	0.122478
4	84201479	0.963977
4	85273310	0.0100865
4	86116461	0.195965
4	86690079	0.962536
4	87238031	0.252161
4	87955544	0.240634
4	88102967	0.370317
4	88252573	0.0144092
4	90100948	0.453891
4	90573045	0.138329
4	90721637	0.149856
4	91001043	0.5317
4	92266330	0.0201729
4	92784430	0.0403458
4	94069057	0.0273775
4	95307175	0.29683
4	96168719	0.397695
4	96581564	0.489914
4	96892392	0.0720461
4	97422013	0.15562
4	97554263	0.360231
4	97921253	0.0951009
4	99991642	0.0706052
4	100062466	0.172911
4	100301241	0.136888
4	100533913	0.0691643
4	102509402	0.793948
4	103377005	0.149856
4	103757641	0.548991
4	104274018	0.0317003
4	104740652	0.48415
4	105858508	0.226225
4	105938179	0.600865
4	106318207	0.510086
4	106527165	0.0619597
4	106765915	0.0864553
4	108228806	0.0144092
4	108830476	0.193084
4	109225926	0.0144092
4	111211234	0.0691643
4	112246738	0.769452
4	112865123	0.0144092
4	114089743	0.0907781
4	114164585	0.318444
4	115216911	0.0216138
4	115654365	0.42219
4	115727643	0.146974
4	115871031	0.670029
4	116952614	0.445245
4	117301183	0.0417867
4	117429916	0.380403
4	117493204	0.537464
4	117616344	0.220461
4	117909549	0.0691643
4	118340506	0.28098
4	119624641	0.236311
4	119704744	0.497118
4	119918448	0.018732
4	121296151	0.600865
4	121436033	0.487032
4	122199104	0.420749
4	122617688	0.152738
4	125199539	0.0302594
4	125558866	0.0806916
4	125775711	0.14121
4	126940603	0.494236
4	127341052	0.0893372
4	128150332	0.927954
4	128950238	0.753602
4	129443161	0.668588
4	130940921	0.785303
4	131277455	0.25072
4	131804615	0.283862
4	132456338	0.0979827
4	133042575	0.523055
4	133249614	0.23487
4	134022957	0.412104
4	136072657	0.353026
4	136415590	0.309798
4	136804680	0.524496
4	137494323	0.138329
4	138642592	0.227666
4	140562182	0.134006
4	143282778	0.396254
4	144028568	0.335735
4	144706639	0.412104
4	149572193	0.12536
4	150375347	0.731988
4	150829872	0.354467
4	151035926	0.340058
4	152321881	0.560519
4	153532240	0.305476
4	153970294	0.851585
4	154401582	0.226225
4	155916134	0.0345821
4	156054738	0.685879
4	156121736	0.0259366
4	157365984	0.714697
4	158687138	0.652738
4	158758849	0.708934
4	160157642	0.544669
4	160233232	0.586455
4	160906981	0.217579
4	161987951	0.115274
4	164216739	0.208934
4	164645477	0.0590778
4	164992023	0.0144092
4	165061164	0.540346
4	165122509	0.0576369
4	165268669	0.285303
4	165548634	0.0345821
4	166574759	0.864553
4	167322741	0.0360231
4	167465716	0.20317
4	167537183	0.0489914
4	169404302	0.0489914
4	170130214	0.154179
4	171299485	0.955331
4	171634823	0.224784
4	172408167	0.335735
4	172542643	0.675793
4	174834295	0.17147
4	175264703	0.121037
4	175480636	0.246398
4	175622590	0.73487
4	175832662	0.693084
4	177227998	0.129683
4	177857218	0.834294
4	177998168	0.138329
4	178426044	0.269452
4	179369002	0.458213
4	180932666	0.0115274
4	181945567	0.0475504
4	182068097	0.368876
4	182311061	0.645533
4	182369214	0.198847
4	183737933	0.972622
4	183928174	0.864553
4	184974235	0.315562
4	185424511	0.129683
4	185811189	0.0216138
4	185981730	0.0345821
4	186658780	0.146974
4	187413194	0.387608
4	188529342	0.62536
4	188800733	0.0706052
4	188863191	0.608069
4	189251165	0.239193
4	189897845	0.113833
4	190402838	0.0806916
4	190526823	0.453891
5	304462	0.121037
5	1066739	0.389049
5	1652224	0.224784
5	3539652	0.129683
5	6567922	0.819885
5	7242819	0.304035
5	8195096	0.037464
5	8535527	0.554755
5	10002720	0.442363
5	10067486	0.0835735
5	11822748	0.0778098
5	12472314	0.332853
5	12824619	0.0417867
5	13926197	0.760807
5	14390577	0.0518732
5	14520036	0.436599
5	16021557	0.246398
5	16981743	0.148415
5	17382703	0.236311
5	18142966	0.557637
5	19001898	0.416427
5	19072329	0.502882
5	19143429	0.361671
5	19302090	0.459654
5	20800122	0.940922
5	21861582	0.136888
5	23098416	0.00864553
5	24554171	0.243516
5	24884404	0.161383
5	25631478	0.48415
5	26368149	0.636888
5	26622364	0.074928
5	27955741	0.619597
5	28093125	0.682997
5	28507234	0.216138
5	29334117	0.665706
5	30825689	0.365994
5	33108686	0.132565
5	33596224	0.466859
5	34570537	0.237752
5	35129621	0.116715
5	36201336	0.779539
5	36555055	0.757925
5	36781051	0.31268
5	37800221	0.553314
5	39118413	0.129683
5	39456098	0.161383
5	40247047	0.122478
5	40951368	0.154179
5	41148125	0.340058
5	41825798	0.376081
5	41988664	0.0533141
5	43718220	0.0706052
5	43952084	0.0403458
5	45538384	0.759366
5	49687465	0.419308
5	50075654	0.121037
5	50216352	0.24928
5	51123251	0.168588
5	51518141	0.0461095
5	52062052	0.257925
5	53635364	0.638329
5	53704541	0.092219
5	53914809	0.103746
5	54190247	0.0475504
5	54931106	0.534582
5	55079518	0.357349
5	55579789	0.154179
5	56074451	0.498559
5	56664596	0.471182
5	60308836	0.0878963
5	61385606	0.0994236
5	61782110	0.582133
5	62552497	0.0677233
5	62694441	0.786744
5	63036898	0.634006
5	63783781	0.386167
5	64902292	0.0677233
5	65065028	0.40634
5	65662467	0.074928
5	66161010	0.482709
5	66737802	0.231988
5	66962521	0.181556
5	71387306	0.682997
5	73092269	0.170029
5	73303169	0.28098
5	74904326	0.110951
5	75720649	0.432277
5	75940274	0.566282
5	76372709	0.324207
5	77931536	0.00576369
5	78828196	0.589337
5	79619755	0.207493
5	80500967	0.18732
5	80575775	0.413545
5	80723693	0.184438
5	82001631	0.317003
5	82361374	0.306916
5	82508576	0.590778
5	82831359	0.272334
5	83199000	0.410663
5	83982004	0.376081
5	84885351	0.0403458
5	85228018	0.557637
5	86803812	0.136888
5	87290221	0.100865
5	87368073	0.763689
5	88924503	0.602305
5	90835224	0.145533
5	91064360	0.220461
5	94006802	0.0446686
5	95877665	0.73487
5	96393085	0.414986
5	96464878	0.355908
5	96733853	0.525937
5	97015988	0.105187
5	98676531	0.197406
5	100575164	0.481268
5	101128989	0.822767
5	103924699	0.185879
5	105921679	0.302594
5	106935614	0.329971
5	108060101	0.0706052
5	108531305	0.054755
5	109253683	0.0619597
5	111227702	0.35879
5	112016025	0.5
5	113496557	0.417867
5	113558335	0.841499
5	113622874	0.106628
5	114249837	0.0850144
5	114419303	0.0129683
5	115082586	0.00720461
5	115639978	0.185879
5	116126220	0.704611
5	118853360	0.371758
5	120592185	0.291066
5	121074025	0.0230548
5	121391483	0.0821326
5	122238387	0.821326
5	122882380	0.504323
5	123024520	0.489914
5	125585574	0.642651
5	126133293	0.28098
5	127057148	0.149856
5	127601136	0.0230548
5	128198263	0.497118
5	128268601	0.18732
5	128395927	0.773775
5	129174140	0.912104
5	129248302	0.940922
5	129618633	0.0461095
5	131187826	0.677233
5	131783213	0.770893
5	132401730	0.188761
5	133531028	0.602305
5	134689300	0.116715
5	134833869	0.214697
5	136420127	0.131124
5	139147683	0.914986
5	140992235	0.60951
5	142203207	0.184438
5	142877286	0.283862
5	143919661	0.112392
5	144114347	0.566282
5	144811059	0.224784
5	145512390	0.391931
5	145734986	0.0979827
5	147105672	0.12536
5	149963185	0.360231
5	150534919	0.657061
5	150673848	0.0389049
5	150739932	0.239193
5	152120504	0.236311
5	152405169	0.585014
5	152621984	0.0720461
5	152748516	0.677233
5	153107480	0.563401
5	155208788	0.0662824
5	156112766	0.018732
5	156330661	0.193084
5	157933592	0.302594
5	158535041	0.190202
5	158782068	0.919308
5	159639906	0.0446686
5	160196659	0.325648
5	161859854	0.244957
5	162759554	0.756484
5	164444398	0.0273775
5	165700298	0.327089
5	166970306	0.146974
5	167117853	0.524496
5	168310585	0.224784
5	168702502	0.34438
5	168918606	0.357349
5	169542281	0.102305
5	170212127	0.159942
5	170802443	0.42219
5	171557395	0.246398
5	171828573	0.417867
5	172498259	0.514409
5	173125293	0.0979827
5	174057150	0.175793
5	174190130	0.861671
5	174652439	0.0778098
5	176003960	0.903458
5	178269126	0.479827
5	178453837	0.255043
5	178526105	0.340058
5	179258901	0.737752
5	179765467	0.518732
5	180068239	0.247839
5	180320867	0.319885
6	580323	0.407781
6	1281235	0.0273775
6	2068725	0.0331412
6	2926077	0.0489914
6	3828230	0.723343
6	3894981	0.0273775
6	4435289	0.507205
6	5016475	0.870317
6	5087422	0.103746
6	5952667	0.592219
6	6611909	0.168588
6	8215963	0.273775
6	9328847	0.517291
6	9744561	0.168588
6	10419163	0.0144092
6	11821628	0.185879
6	13181008	0.018732
6	14745282	0.854467
6	15237449	0.260807
6	15985534	0.29683
6	16298866	0.115274
6	16807092	0.321326
6	16956041	0.380403
6	17378471	0.716138
6	17588158	0.242075
6	19397061	0.148415
6	19592564	0.0489914
6	20992970	0.92219
6	21154412	0.185879
6	23148266	0.338617
6	23801251	0.469741
6	24086836	0.505764
6	24685021	0.838617
6	25545151	0.436599
6	26270961	0.115274
6	26566368	0.0878963
6	29675676	0.73487
6	29839502	0.0403458
6	29885774	0.842939
6	29918538	0.0821326
6	30092707	0.775216
6	30229694	0.449568
6	31087310	0.763689
6	31307715	0.168588
6	31336960	0.220461
6	32410716	0.576369
6	32491945	0.824207
6	32523581	0.636888
6	32552134	0.299712
6	32579549	0.776657
6	32602430	0.207493
6	32628084	0.0648415
6	32649180	0.103746
6	33080360	0.0302594
6	33730095	0.387608
6	33796109	0.0533141
6	34864646	0.0965418
6	35620627	0.103746
6	36068303	0.0634006
6	36356002	0.391931
6	36710269	0.194524
6	36910017	0.314121
6	37100772	0.606628
6	39162806	0.0821326
6	39281456	0.119597
6	40174808	0.191643
6	40494855	0.37464
6	44665034	0.729107
6	44730395	0.569164
6	45176540	0.743516
6	45397050	0.413545
6	47104856	0.684438
6	47518939	0.449568
6	47849551	0.791066
6	49287716	0.40634
6	49419864	0.233429
6	50035034	0.0331412
6	51224727	0.367435
6	52028725	0.0144092
6	52163964	0.321326
6	52539268	0.489914
6	53206499	0.154179
6	54642652	0.0417867
6	56304126	0.0504323
6	56386814	0.713256
6	57588996	0.161383
6	58035085	0.0403458
6	58742565	0.161383
6	62197601	0.0446686
6	62281811	0.164265
6	63020939	0.15562
6	63145528	0.867435
6	65082399	0.672911
6	65149347	0.220461
6	65403943	0.680115
6	65538168	0.394813
6	66073433	0.355908
6	66408475	0.520173
6	66534214	0.113833
6	66913681	0.511527
6	67217053	0.848703
6	67455466	0.056196
6	67573539	0.423631
6	68505832	0.373199
6	68893545	0.423631
6	70298145	0.897695
6	70364881	0.0907781
6	70443883	0.443804
6	70970115	0.113833
6	71164013	0.0979827
6	71674547	0.292507
6	72501165	0.342939
6	72710793	0.0806916
6	73219047	0.100865
6	73917645	0.383285
6	74632297	0.569164
6	74764272	0.574928
6	74900425	0.507205
6	75085873	0.0677233
6	75415209	0.054755
6	75550236	0.354467
6	76867534	0.501441
6	76925132	0.65562
6	77158764	0.0994236
6	77684060	0.440922
6	78034526	0.178674
6	78407597	0.0979827
6	79014592	0.701729
6	79148644	0.367435
6	80294218	0.0806916
6	80723229	0.103746
6	81207262	0.054755
6	81557836	0.108069
6	82837711	0.142651
6	83281761	0.0461095
6	83800898	0.0893372
6	85870792	0.0893372
6	86062148	0.832853
6	86822565	0.092219
6	88443876	0.936599
6	89886923	0.396254
6	90950736	0.721902
6	93692672	0.727666
6	95965656	0.00432277
6	96268009	0.619597
6	96397261	0.559078
6	96538609	0.329971
6	97120356	0.321326
6	97202102	0.158501
6	97756290	0.231988
6	98498892	0.469741
6	100279683	0.317003
6	103653760	0.0533141
6	104266857	0.18732
6	105519194	0.783862
6	105665214	0.0994236
6	106781896	0.68732
6	106848210	0.729107
6	107326433	0.423631
6	108079834	0.146974
6	108786063	0.314121
6	109031563	0.10951
6	110443385	0.0288184
6	112298599	0.0461095
6	112368578	0.177233
6	113367106	0.67147
6	114382016	0.146974
6	115683039	0.0172911
6	115834247	0.681556
6	118382684	0.0129683
6	118840039	0.43804
6	119590609	0.425072
6	120896898	0.161383
6	120970888	0.158501
6	121046310	0.364553
6	121114267	0.247839
6	121187812	0.658501
6	121256344	0.514409
6	122380054	0.0432277
6	123567474	0.00864553
6	124993647	0.0317003
6	125438073	0.508646
6	127121564	0.409222
6	129311737	0.074928
6	130056073	0.0605187
6	130620680	0.239193
6	131175997	0.139769
6	133144449	0.0446686
6	133941472	0.610951
6	134472610	0.112392
6	135946439	0.365994
6	136535057	0.0317003
6	137312547	0.932277
6	137521374	0.0216138
6	137988709	0.0590778
6	138122262	0.832853
6	139598319	0.148415
6	139805792	0.0129683
6	139951585	0.474063
6	141564290	0.737752
6	143097355	0.559078
6	144001128	0.193084
6	146680760	0.113833
6	149607060	0.191643
6	150209196	0.485591
6	150615876	0.804035
6	151364875	0.809798
6	151496364	0.495677
6	151567175	0.224784
6	152265659	0.00432277
6	152401938	0.0317003
6	153614932	0.0317003
6	153972582	0.353026
6	156308324	0.247839
6	157960256	0.489914
6	158085284	0.14121
6	160798048	0.325648
6	161004491	0.0432277
6	161349884	0.0115274
6	162591311	0.900576
6	162712953	0.0201729
6	162896475	0.327089
6	163927784	0.851585
6	164065102	0.942363
6	165186796	0.40634
6	165904813	0.144092
6	167211801	0.501441
6	167657394	0.259366
6	167711094	0.144092
6	168290384	0.789625
6	168569580	0.214697
6	168623545	0.0806916
6	168738746	0.432277
6	169033040	0.351585
6	169962700	0.606628
6	170492285	0.0965418
6	170796900	0.20317
7	1068691	0.0389049
7	1164368	0.056196
7	1373797	0.0100865
7	1668813	0.314121
7	2160336	0.0216138
7	2211937	0.158501
7	2533602	0.151297
7	4214505	0.0677233
7	4765018	0.567723
7	5063090	0.301153
7	5728537	0.121037
7	5834474	0.0129683
7	6456669	0.563401
7	6972543	0.649856
7	7134459	0.498559
7	7905413	0.0806916
7	10045019	0.0172911
7	11260916	0.112392
7	11677840	0.361671
7	12097457	0.149856
7	12483077	0.0864553
7	12598409	0.237752
7	13488095	0.240634
7	13669204	0.368876
7	15000873	0.0979827
7	15913289	0.623919
7	16417094	0.244957
7	16543230	0.00432277
7	17219748	0.427954
7	19138505	0.253602
7	19540101	0.217579
7	19694632	0.152738
7	19753782	0.0691643
7	20080429	0.185879
7	20943412	0.018732
7	21147437	0.357349
7	21465133	0.322767
7	22757089	0.511527
7	22883835	0.0878963
7	22955068	0.259366
7	23028305	0.580692
7	25415714	0.285303
7	25952710	0.341499
7	28466783	0.0144092
7	30408353	0.132565
7	31586769	0.289625
7	32063381	0.0965418
7	32831887	0.409222
7	33937625	0.760807
7	34381854	0.102305
7	35084302	0.145533
7	36585410	0.0389049
7	37735900	0.5317
7	37953096	0.0129683
7	38631857	0.0979827
7	40020209	0.113833
7	40396366	0.0907781
7	41307633	0.239193
7	42582010	0.0792507
7	45505152	0.776657
7	46073299	0.550432
7	46658925	0.00576369
7	49200835	0.959654
7	51825899	0.116715
7	51954569	0.837176
7	52519258	0.576369
7	52760671	0.658501
7	52818090	0.0590778
7	53048550	0.747839
7	53285473	0.170029
7	54189522	0.29683
7	54247350	0.913545
7	54316866	0.073487
7	57389233	0.727666
7	57506751	0.0100865
7	58025169	0.0144092
7	61250260	0.128242
7	62070460	0.0201729
7	62146819	0.126801
7	62453778	0.505764
7	63705941	0.0720461
7	63922735	0.148415
7	64005228	0.220461
7	64681703	0.226225
7	64900721	0.639769
7	66801576	0.135447
7	67257969	0.21902
7	68092019	0.182997
7	68868011	0.306916
7	70282219	0.208934
7	70931358	0.188761
7	71061750	0.20317
7	71392484	0.135447
7	71519406	0.825648
7	72306384	0.121037
7	73644787	0.0533141
7	74455474	0.15562
7	75606109	0.432277
7	75668329	0.586455
7	75806299	0.645533
7	77128216	0.108069
7	79234796	0.210375
7	80101213	0.0129683
7	80652302	0.24928
7	80715165	0.311239
7	81104394	0.100865
7	81566761	0.239193
7	81783979	0.325648
7	82003787	0.162824
7	82283309	0.449568
7	82424231	0.24928
7	83226950	0.308357
7	85007066	0.43804
7	85916943	0.815562
7	86351217	0.25072
7	86966042	0.827089
7	87124959	0.0864553
7	88652809	0.67147
7	88794466	0.286744
7	89644425	0.51585
7	92692241	0.0489914
7	93026328	0.425072
7	93510131	0.0345821
7	94931271	0.216138
7	97155016	0.0129683
7	97299464	0.0778098
7	97634963	0.45245
7	98321862	0.445245
7	100744777	0.0634006
7	101132338	0.20317
7	101983421	0.301153
7	102959379	0.185879
7	103037411	0.763689
7	103315179	0.0706052
7	103436154	0.288184
7	104097663	0.619597
7	104159525	0.0806916
7	104223762	0.243516
7	104731338	0.572046
7	105818520	0.35879
7	106086584	0.417867
7	107098877	0.298271
7	108922378	0.0806916
7	109279744	0.501441
7	110686211	0.037464
7	113826438	0.0417867
7	113986556	0.0158501
7	114911939	0.206052
7	115218271	0.136888
7	115519796	0.0461095
7	115593960	0.0951009
7	117558892	0.769452
7	118859659	0.0590778
7	120129659	0.247839
7	122448393	0.23487
7	122678150	0.17147
7	123971053	0.0965418
7	124398196	0.407781
7	127651281	0.170029
7	128892536	0.976945
7	133832017	0.840058
7	135678299	0.116715
7	135808060	0.216138
7	137041777	0.462536
7	138549075	0.0475504
7	139646514	0.860231
7	140151648	0.118156
7	143020780	0.289625
7	144767687	0.167147
7	144964831	0.31268
7	145164804	0.0691643
7	145503262	0.180115
7	146626250	0.20317
7	147016786	0.524496
7	147562715	0.469741
7	147683635	0.976945
7	149620581	0.985591
7	151373991	0.092219
7	151955297	0.100865
7	153063175	0.351585
7	153524571	0.0158501
7	155608923	0.610951
7	155927105	0.537464
7	156109694	0.23487
7	156434675	0.138329
7	156648334	0.373199
7	157671763	0.0720461
7	158075769	0.383285
8	188131	0.291066
8	273258	0.106628
8	786916	0.649856
8	923513	0.126801
8	1273426	0.138329
8	1821774	0.227666
8	1911063	0.305476
8	2411645	0.0965418
8	3172253	0.837176
8	3322499	0.119597
8	3657115	0.292507
8	3738568	0.15562
8	3842721	0.414986
8	3961693	0.136888
8	4103130	0.402017
8	5020466	0.314121
8	5461562	0.224784
8	5497151	0.932277
8	5777673	0.191643
8	5920189	0.00720461
8	6378210	0.0417867
8	6421277	0.054755
8	6897885	0.474063
8	8596181	0.268012
8	9165380	0.518732
8	9916930	0.574928
8	10322948	0.240634
8	10445051	0.975504
8	11347107	0.0677233
8	12181570	0.105187
8	12516200	0.301153
8	13312482	0.455331
8	14225968	0.0288184
8	15243699	0.463977
8	16084696	0.554755
8	16136686	0.0778098
8	16723340	0.237752
8	16921890	0.134006
8	17098564	0.355908
8	17206588	0.204611
8	17393284	0.0475504
8	18535389	0.177233
8	19207176	0.0691643
8	20051578	0.769452
8	20682145	0.074928
8	20796299	0.073487
8	22439956	0.182997
8	22803672	0.037464
8	23219718	0.208934
8	23942510	0.0403458
8	24907236	0.126801
8	26355747	0.420749
8	26620521	0.410663
8	28033402	0.247839
8	28167580	0.34438
8	28996321	0.368876
8	29452409	0.586455
8	32454104	0.400576
8	33938229	0.0345821
8	34418614	0.0345821
8	35409145	0.275216
8	39243380	0.0158501
8	39333498	0.243516
8	39776922	0.0489914
8	39841583	0.301153
8	41620112	0.0821326
8	42060293	0.018732
8	42282598	0.0461095
8	42354257	0.410663
8	43251461	0.230548
8	47396013	0.256484
8	47437354	0.527378
8	49074626	0.244957
8	49277870	0.0792507
8	50059587	0.340058
8	50118608	0.396254
8	50625293	0.940922
8	51453374	0.306916
8	52071210	0.0216138
8	54338463	0.073487
8	55832755	0.188761
8	56171131	0.216138
8	57438048	0.425072
8	57775276	0.149856
8	58926966	0.729107
8	59284854	0.0389049
8	59429512	0.0763689
8	60224397	0.602305
8	61412097	0.0302594
8	62845516	0.236311
8	63659367	0.60951
8	64579745	0.842939
8	68913035	0.619597
8	68983584	0.442363
8	69422936	0.145533
8	70752861	0.0619597
8	70955207	0.396254
8	71106304	0.569164
8	72642493	0.273775
8	72843805	0.0763689
8	73055180	0.304035
8	75215430	0.0446686
8	75288794	0.282421
8	77259902	0.0389049
8	77695388	0.210375
8	78124967	0.239193
8	78464809	0.0648415
8	78526277	0.113833
8	78664579	0.0706052
8	78735355	0.0172911
8	78951749	0.377522
8	79252302	0.301153
8	80184838	0.0432277
8	80261062	0.42219
8	80796134	0.596542
8	82663947	0.863112
8	83421588	0.340058
8	83981980	0.0172911
8	84378403	0.0821326
8	84570314	0.112392
8	86352758	0.556196
8	87212302	0.286744
8	87348720	0.68732
8	87856462	0.525937
8	88412755	0.404899
8	88815135	0.449568
8	90235911	0.0403458
8	91014154	0.0230548
8	91171735	0.5
8	91685814	0.652738
8	92659644	0.037464
8	92808851	0.351585
8	94166637	0.0994236
8	95011614	0.0475504
8	95621028	0.0706052
8	95692011	0.534582
8	96502418	0.136888
8	96717974	0.21902
8	96791051	0.347262
8	97016109	0.308357
8	99075587	0.32853
8	100686031	0.329971
8	101638424	0.206052
8	101840244	0.391931
8	102121365	0.100865
8	102677805	0.451009
8	102745351	0.151297
8	103191667	0.628242
8	104588494	0.10951
8	105468379	0.491354
8	106049672	0.207493
8	106269243	0.626801
8	106720501	0.337176
8	108698283	0.407781
8	109141570	0.233429
8	112704562	0.181556
8	113221430	0.134006
8	113368547	0.4683
8	114547329	0.847262
8	114831373	0.103746
8	115483210	0.122478
8	115721881	0.162824
8	116076926	0.501441
8	116537058	0.717579
8	118922507	0.638329
8	119072448	0.0158501
8	122516931	0.0936599
8	122664506	0.0244957
8	122879061	0.237752
8	125288681	0.556196
8	125367500	0.413545
8	125576082	0.433718
8	126547207	0.00288184
8	126960819	0.926513
8	127546182	0.743516
8	127829177	0.188761
8	129071537	0.110951
8	129448014	0.152738
8	131584754	0.0605187
8	131780406	0.0489914
8	132715046	0.576369
8	133883102	0.569164
8	135391211	0.423631
8	136098668	0.462536
8	136757758	0.0821326
8	137002061	0.0576369
8	138545911	0.172911
8	139077124	0.610951
8	139140876	0.113833
8	140505919	0.106628
8	140728816	0.172911
8	142144899	0.0446686
8	143858846	0.373199
8	143913948	0.497118
8	145881333	0.363112
8	146141474	0.146974
9	442272	0.851585
9	633350	0.201729
9	1338853	0.295389
9	2536319	0.498559
9	4211977	0.0619597
9	4672712	0.367435
9	4777725	0.162824
9	7208342	0.576369
9	9290343	0.252161
9	10081387	0.347262
9	10130199	0.223343
9	10182184	0.224784
9	11857774	0.204611
9	12110786	0.570605
9	12372197	0.0403458
9	12666562	0.135447
9	13725313	0.204611
9	14025101	0.759366
9	14151853	0.893372
9	14798967	0.18732
9	16299039	0.0417867
9	16955672	0.0158501
9	17746365	0.0821326
9	18641557	0.103746
9	19477780	0.0662824
9	20382226	0.0230548
9	21844643	0.520173
9	22833369	0.662824
9	25142709	0.17147
9	26411670	0.0201729
9	26648358	0.054755
9	27103307	0.0461095
9	27844665	0.103746
9	27969578	0.00288184
9	28214686	0.0590778
9	28792620	0.0907781
9	28860018	0.779539
9	28922356	0.713256
9	29515267	0.87464
9	29776513	0.15562
9	29977862	0.018732
9	30308011	0.157061
9	31086948	0.0677233
9	31262324	0.387608
9	31888418	0.00144092
9	37001471	0.560519
9	38380103	0.304035
9	38648775	0.355908
9	44124671	0.870317
9	65632583	0.365994
9	68187358	0.883285
9	68478408	0.23487
9	71116955	0.556196
9	71732036	0.0504323
9	73088028	0.154179
9	73830386	0.514409
9	76172980	0.474063
9	76392885	0.860231
9	77901998	0.0778098
9	78371589	0.642651
9	78942572	0.092219
9	79444740	0.427954
9	79701771	0.198847
9	81491999	0.21902
9	82457350	0.0835735
9	83644264	0.377522
9	83786452	0.174352
9	83860713	0.242075
9	83929252	0.0360231
9	84497199	0.108069
9	85095497	0.458213
9	85330183	0.0634006
9	85477109	0.177233
9	87024447	0.103746
9	87514761	0.0864553
9	88154941	0.119597
9	90150275	0.288184
9	91132865	0.0288184
9	91590422	0.479827
9	92742249	0.037464
9	92949934	0.073487
9	93359724	0.177233
9	93432785	0.348703
9	93554540	0.0230548
9	94121330	0.168588
9	94343642	0.315562
9	94489212	0.0994236
9	95041636	0.29683
9	96133719	0.0720461
9	96701663	0.455331
9	100153559	0.354467
9	100233523	0.599424
9	102992687	0.0720461
9	103948758	0.662824
9	104382455	0.0965418
9	104597048	0.505764
9	104791433	0.817003
9	105096394	0.273775
9	105858437	0.449568
9	107814518	0.229107
9	108016065	0.216138
9	108515500	0.243516
9	108714151	0.886167
9	109715273	0.0317003
9	109862714	0.074928
9	110270115	0.201729
9	111953707	0.0518732
9	112297928	0.0302594
9	113459655	0.0720461
9	113612783	0.100865
9	113966610	0.370317
9	114335218	0.0994236
9	114410702	0.0417867
9	115446130	0.270893
9	116438348	0.105187
9	116923991	0.0893372
9	119213715	0.377522
9	119282870	0.443804
9	119775606	0.68732
9	120249360	0.142651
9	120470372	0.0389049
9	121115184	0.448127
9	122455240	0.0806916
9	124191252	0.701729
9	124750976	0.116715
9	126620972	0.0360231
9	126840565	0.175793
9	128910776	0.0288184
9	130183790	0.409222
9	130755320	0.887608
9	132074598	0.315562
9	132137256	0.0115274
9	132199199	0.827089
9	132524959	0.236311
9	134407305	0.817003
9	134818418	0.353026
9	135688538	0.0878963
9	136009191	0.322767
9	137434547	0.485591
9	138121346	0.0446686
9	138440045	0.570605
9	138824310	0.757925
9	140690034	0.381844
9	140805683	0.0403458
