10	350693	0.236111
10	796468	0.000992064
10	1224581	0.676587
10	1279272	0.710317
10	1393592	0.920635
10	1449377	0.203373
10	2102433	0.107143
10	4667529	0.0545635
10	4911158	0.116071
10	5034016	0.598214
10	5420851	0.106151
10	5550768	0.106151
10	5663691	0.194444
10	6417724	0.00297619
10	6747521	0.14881
10	7165106	0.433532
10	7545524	0.00297619
10	9604930	0.340278
10	10232427	0.231151
10	11699441	0.525794
10	13269807	0.366071
10	13389006	0
10	14340610	0.248016
10	15551279	0.4375
10	15735617	0.161706
10	16988787	0.162698
10	18788390	0.532738
10	20036177	0.60119
10	20162462	0.200397
10	21192389	0.0287698
10	21521210	0.0406746
10	24215163	0.0515873
10	25599875	0.224206
10	26983024	0.822421
10	27130625	0.622024
10	27336671	0.602183
10	27903768	0.755952
10	28702072	0.202381
10	28921788	0.122024
10	29060698	0.0228175
10	29770786	0.626984
10	29827355	0.0505952
10	30472411	0.281746
10	31731063	0.178571
10	32379600	1
10	33467539	0.107143
10	33874231	0.00396825
10	37217312	0.664683
10	38167038	0.885913
10	38677789	0.569444
10	42382342	0.396825
10	44548259	0.125992
10	48500100	0
10	48907434	0.650794
10	52540483	0.943452
10	53798924	0.111111
10	54225761	0.0238095
10	55030395	0.449405
10	55814018	0.0575397
10	56937275	0
10	58224183	0.0982143
10	59261217	0.996032
10	59334656	0.190476
10	64152808	0.0882936
10	64657502	0.424603
10	65327084	0.0257937
10	66437582	0.625
10	67025536	0.150794
10	67572596	0.223214
10	67827726	0.396825
10	67890325	0.108135
10	68272893	0.014881
10	68746991	0.803571
10	70068577	0.830357
10	71135074	0
10	72323275	0.121032
10	72717030	0.0357143
10	73030775	0.708333
10	73094420	0.444444
10	73731768	0.116071
10	74308804	0.0406746
10	78316240	0.515873
10	78978242	0.0277778
10	79543819	0.291667
10	80400029	0.000992064
10	80462933	0.348214
10	80845405	0.137897
10	81417283	0.491071
10	82232706	0.339286
10	82510574	0.33631
10	84676590	0.509921
10	85212217	0.000992064
10	85345465	0.031746
10	86083579	0.166667
10	86795027	0.501984
10	86858515	0.00198413
10	87726722	0.119048
10	89172143	0.00396825
10	89435483	0.444444
10	90760606	0.496032
10	90904111	0.792659
10	91121907	0.610119
10	93729736	0.0178571
10	94155846	0.684524
10	95361588	0.0863095
10	95504610	0.928571
10	95641485	0.867063
10	97029366	0.0277778
10	97329911	0.078373
10	98212575	0.555556
10	98441768	0.270833
10	98968967	0.610119
10	100302852	0.031746
10	101084483	0.223214
10	101635461	0.668651
10	102024311	0
10	102925367	0.997024
10	105255614	0.000992064
10	106767803	0
10	107067938	0.015873
10	109007002	0.939484
10	109411682	0
10	109471620	0.492063
10	110158050	0.999008
10	110348376	0.364087
10	111935290	0.0248016
10	113225327	0.200397
10	113600635	0.12996
10	115559957	0.527778
10	115978451	0.00198413
10	117079200	0.135913
10	117424380	0.116071
10	118272726	0.621032
10	120197496	0.000992064
10	121220708	0.246032
10	121286692	0.207341
10	122535834	0.795635
10	122956484	1
10	123758376	0.713294
10	125064283	0.174603
10	126303408	0.125992
10	126436717	0.514881
10	126966739	0.00992064
10	127789214	0.172619
10	128043377	0.0367064
10	129160313	0.237103
10	129273257	0.509921
10	129516607	0.999008
10	130754229	0.50496
10	130871039	0.0128968
10	131370520	0.37996
10	133324790	0.222222
10	134687912	0.0545635
10	135051653	0.130952
11	512205	0.00297619
11	1370090	0
11	2337693	0.16369
11	3583802	0.296627
11	4163558	0.759921
11	4548812	0.0396825
11	5399218	0.387897
11	5877909	0.373016
11	6920970	0.327381
11	7260691	0.00198413
11	7825508	0.0109127
11	8505492	0.0545635
11	9010737	0.610119
11	9157925	0.124008
11	10137703	0.281746
11	11046259	0.116071
11	11400282	0.000992064
11	12324679	0.0119048
11	13202953	0.385913
11	13412302	0.168651
11	14035961	0.328373
11	14418295	0.39881
11	15412448	0.113095
11	16805048	0.918651
11	18118146	0.154762
11	18180856	0.438492
11	18938732	0.0218254
11	19064316	0.172619
11	19532199	0.439484
11	20176986	0.200397
11	20316949	0.363095
11	22138887	0.164683
11	22535284	0.0684524
11	22672739	0.0376984
11	22806648	0.422619
11	23331591	0.390873
11	23462469	0.000992064
11	23909957	0.162698
11	24253072	0.119048
11	24704375	0.348214
11	25443005	0.999008
11	25871796	0.110119
11	25996594	0.0386905
11	26237368	0.188492
11	26302294	0.123016
11	26653102	0.72123
11	27098784	0.000992064
11	27171577	0.0297619
11	30302923	0.10119
11	30739896	0.0694444
11	31892201	0
11	32384813	0.634921
11	32516917	0.702381
11	33622297	0.000992064
11	34255541	0.997024
11	35847990	0.0575397
11	36254509	0.21627
11	38306518	0.164683
11	38451400	0.0287698
11	38579027	0.651786
11	40549546	0.152778
11	42162777	0.412698
11	42917230	0.472222
11	43880489	0.0188492
11	44018804	0.445437
11	46194744	0.0605159
11	48535224	0.0674603
11	49073527	0.441468
11	49963338	0.556548
11	54992728	0.543651
11	56309093	0.125
11	57020427	0.22123
11	57945418	0.792659
11	61519986	0.117063
11	62821139	0.118056
11	63966927	0
11	65587651	0.481151
11	66893474	0.0337302
11	68628743	0.21131
11	68693438	0.0208333
11	68927048	0.384921
11	71122931	0.739087
11	71296482	0.65873
11	71526834	0.444444
11	73368875	0.518849
11	76348651	0.000992064
11	77038903	0.552579
11	77745268	0
11	77877416	0
11	79209202	0.233135
11	79459484	0.00297619
11	80748693	0.390873
11	82992895	0
11	83204471	0.483135
11	83563436	0.906746
11	83755359	0.00198413
11	84647430	0.0882936
11	85305353	0
11	86095816	0.27381
11	86834507	0.162698
11	87507771	0.030754
11	87802413	0.319444
11	87871776	0.00198413
11	88347843	0.642857
11	90375731	0.227183
11	90899786	0.673611
11	91090006	0.125992
11	91332680	0.00892857
11	91599345	0.103175
11	92760614	0.585317
11	93726072	0.417659
11	95350518	0.299603
11	96576270	0.37996
11	96760757	0.0178571
11	98185572	0.046627
11	98804820	0.916667
11	99999990	0.0515873
11	100067600	0.717262
11	100469602	0.109127
11	101684475	0.00595238
11	102641172	0.0228175
11	102701858	0.330357
11	103078496	0.885913
11	103223596	0.488095
11	103359977	0.202381
11	103997165	0.170635
11	104062886	0.0128968
11	104133611	0.0128968
11	104643968	0.0793651
11	105432666	0.877976
11	105751330	0.205357
11	105921407	0.0228175
11	106215204	0.631944
11	106882092	0
11	107161550	0.497024
11	108327218	0.0277778
11	108404835	0.27877
11	108911002	0.4375
11	115090866	0.094246
11	115163665	0.0734127
11	116948442	0.0486111
11	118477367	0.748016
11	119337241	0.094246
11	119928883	0.140873
11	120196433	0.290675
11	121491307	0.552579
11	121790358	0.479167
11	123063082	0
11	124124775	0.416667
11	124717445	0.193452
11	126844664	0.361111
11	127107790	0.0843254
11	127664003	0.75
11	130412175	0.000992064
11	130934769	0
11	134035927	0.256944
12	1845237	0.337302
12	2310551	0.353175
12	3204209	0.326389
12	3374920	0.355159
12	3782894	0.126984
12	4063750	0.677579
12	5057389	0.109127
12	6203674	0.00198413
12	6260583	0.983135
12	6509888	0.765873
12	6838903	0.877976
12	6906828	0.362103
12	8229296	0.394841
12	9123932	0.409722
12	10024791	0.85119
12	10154249	0.308532
12	10705835	0.664683
12	11348886	0.951389
12	14468638	0.707341
12	15285379	0.0833333
12	17354283	0.244048
12	17572718	0
12	17708675	0.0228175
12	18193198	0.00297619
12	19421678	0.552579
12	20013193	0.105159
12	20632922	0.014881
12	21017796	0.698413
12	21144501	0.0952381
12	21207758	0.384921
12	23992411	0.125
12	24139829	0.164683
12	24207780	0.0625
12	25701401	0.678571
12	25983265	0.923611
12	26051954	0.420635
12	27000195	0.0605159
12	27448496	0.264881
12	27963546	0.645833
12	28803717	0.364087
12	30412447	0.676587
12	30722566	0.62004
12	30877035	0.293651
12	32019875	0.296627
12	32274186	0.3125
12	32852949	0.0813492
12	33398254	0.576389
12	34807751	0.191468
12	38851616	0.394841
12	39891709	0.246032
12	40176306	0.41369
12	41042285	0
12	41952824	0.906746
12	42017686	0.031746
12	42633736	0.835317
12	43220260	0.142857
12	43637442	0.531746
12	43708380	0.0267857
12	44232358	0.0565476
12	44299900	0.847222
12	47180934	0.244048
12	47452341	0.00198413
12	47524884	0.457341
12	47735500	0.0734127
12	48850910	0.402778
12	49274072	0.502976
12	51402039	0.980159
12	52671254	0.418651
12	52732289	0.119048
12	53140663	0.397817
12	54951612	0.621032
12	55738427	0.489087
12	57771153	0.0763889
12	58249243	0.72619
12	58638082	0.186508
12	59509020	0.880952
12	60822764	0.00198413
12	60965789	0.170635
12	61293469	0
12	62732091	0.132937
12	63901810	0.316468
12	64116159	0.840278
12	64756199	0.267857
12	65696970	0.181548
12	66886984	0.219246
12	70616839	0.262897
12	71887872	0.875
12	72271979	0.0684524
12	72656061	0.0922619
12	73580623	0.224206
12	74748775	0.0625
12	75947644	0.455357
12	76661543	0.00297619
12	78986074	0.685516
12	80899399	0.0515873
12	81049471	0.193452
12	81128242	0.232143
12	83277316	0.00793651
12	85009391	0.487103
12	85083256	0.912698
12	85526857	0.451389
12	87220089	0.293651
12	88709906	0.014881
12	89673619	0.202381
12	90327378	0.00793651
12	90652912	0.0952381
12	91995524	0.161706
12	92673669	0.304563
12	93691888	0.00496032
12	94418479	0.0357143
12	97024189	0.236111
12	98313651	0.156746
12	99995011	0.490079
12	100984151	0.482143
12	103495151	0.816468
12	103786854	0.340278
12	105600935	0.259921
12	105809061	0.00694444
12	106724838	0.0555556
12	110483175	0
12	111670682	0.607143
12	112252649	0.530754
12	113517571	0
12	114400816	0
12	115755506	0
12	116230062	0.215278
12	117330844	0.207341
12	117943164	0.25496
12	118074271	0.0297619
12	118946852	0.0575397
12	119443891	0.234127
12	119515037	0.181548
12	120085962	0.584325
12	121045431	0
12	123815654	0.746032
12	124843104	0.37996
12	125194596	0.555556
12	125255890	0.00694444
12	125437160	0.0535714
12	126031728	0.0734127
12	126542537	0.407738
12	127476192	0.481151
12	127977825	0.251984
12	129914524	0.105159
12	130700107	0.252976
12	131169111	0.339286
12	131519976	0.0972222
12	132003924	0.522817
12	133839693	0.53373
13	20209229	0.0744048
13	20709820	0.374008
13	21312766	0
13	21799149	0.172619
13	22219062	0.00396825
13	22533434	0.362103
13	22590897	0.803571
13	23552967	0.360119
13	25315664	0.0644841
13	26669990	0.568452
13	26944492	0
13	27339783	0.912698
13	27867501	0.482143
13	27999457	0.446429
13	29256505	0.00297619
13	30672179	0.135913
13	31641565	0.80754
13	31763174	0.513889
13	32594429	0.031746
13	33556000	0.000992064
13	33624553	0.697421
13	35310522	0.210317
13	36238035	0
13	36302201	0.698413
13	36369373	0.12004
13	39420075	0.147817
13	39886443	0.0376984
13	41278121	0.144841
13	42098529	0.0902778
13	43290922	0.107143
13	44471983	0.0982143
13	46414329	0.715278
13	48551920	0.175595
13	48694730	0.359127
13	49313075	0.703373
13	50159165	0.27381
13	53764479	0.375
13	54375907	0.118056
13	55498715	0.728175
13	56152565	0.874008
13	58620938	0.127976
13	58689340	0.228175
13	60894203	0.0823413
13	61655731	0.886905
13	62670009	0.0327381
13	64001706	0
13	64755965	0.000992064
13	64953501	0.258929
13	67228119	1
13	68134671	0.00892857
13	68196572	0.891865
13	69195335	0.363095
13	70178061	0.000992064
13	70520688	0.266865
13	70721292	0.19246
13	71846268	0.409722
13	73654292	0.000992064
13	73730549	0.734127
13	73944832	0.969246
13	74159570	0.0753968
13	74310094	0.0863095
13	74666946	0.875
13	75227254	0.831349
13	75504546	0.133929
13	78545425	0.507937
13	80033764	0.00297619
13	81313057	0.093254
13	81982181	0.378968
13	82416455	0.915675
13	83955005	0.139881
13	84886948	0
13	85225571	0.105159
13	85296920	0.593254
13	85365099	0.383929
13	87686087	0
13	88085955	0.388889
13	88770442	0.117063
13	88843221	0.0287698
13	89060355	0
13	89783381	0.744048
13	90731067	0.0119048
13	91503379	0.123016
13	91572636	0
13	92812514	0.540675
13	93132543	0.0525794
13	93984669	0.570437
13	95911944	0.196429
13	97499189	0.426587
13	98797401	0.0704365
13	99470990	0.424603
13	99539298	0.324405
13	100533880	0.000992064
13	100969934	0.220238
13	101183282	0.0436508
13	101525269	0.31746
13	102208542	0.75
13	103499715	0.151786
13	105451250	0.996032
13	106141952	0.610119
13	106392687	0.999008
13	108615603	0.449405
13	109084338	0.106151
13	109523857	0.234127
13	112294615	0.90377
13	112808664	0.00396825
13	112962633	0.0684524
13	113432165	0.0416667
13	113536467	0.0357143
13	113819948	0.3125
14	20540257	0.0634921
14	22223502	0.359127
14	22660734	0.269841
14	22837758	0.0198413
14	23033488	0.000992064
14	24323140	0.183532
14	24394908	0.00297619
14	24932363	0.399802
14	26445434	0.00297619
14	28228855	0.252976
14	28301623	0.945437
14	28513378	0.142857
14	29059048	0.232143
14	31146905	0.0714286
14	31305197	0.0605159
14	31449190	0.287698
14	33075243	0.405754
14	33147765	0.589286
14	33633155	0.363095
14	35869791	0.268849
14	36037687	0.0367064
14	37261090	0.339286
14	39111935	0.104167
14	39318321	0.24504
14	39667038	0
14	40965575	0.0694444
14	41518144	0.736111
14	45103712	0.161706
14	45382277	0.0922619
14	46626462	0
14	47784609	0.0545635
14	47922676	0.573413
14	52835834	0.529762
14	53836643	0.0843254
14	54492146	0.132937
14	55635323	0.241071
14	55988436	0.439484
14	56391127	0.00297619
14	58257515	0.292659
14	58391797	0.265873
14	59079206	0.00396825
14	59648420	0
14	61021891	0.212302
14	62328624	0.0585317
14	62603546	0.0962302
14	63835496	0.376984
14	64343666	0.358135
14	65880621	0.241071
14	66519137	0.000992064
14	68199598	0.117063
14	68603731	0.875
14	68766811	0.0505952
14	69004042	0.0138889
14	70794929	0.609127
14	70867934	0.077381
14	72211948	0.949405
14	73541651	0.000992064
14	73844020	0.00793651
14	74362935	0.459325
14	76065176	0.645833
14	77343692	0.402778
14	77412065	0.165675
14	78038642	0.910714
14	78178947	0.671627
14	78468576	0.784722
14	78606993	0.014881
14	79100775	0
14	79617175	0.251984
14	81128903	0.188492
14	86529551	0.420635
14	87260189	0.999008
14	87891966	0.0843254
14	88152814	0.232143
14	88424606	0.00496032
14	88496081	0.00297619
14	88696303	0.440476
14	88760692	0.501984
14	89424174	0.171627
14	89818914	0.157738
14	90607403	0.0694444
14	91019216	0
14	91157113	0.10119
14	91734164	0.222222
14	92523786	0.322421
14	92992485	0
14	93256048	0.000992064
14	93327438	0.157738
14	94201926	0.447421
14	94323978	0.747024
14	94632298	0.247024
14	94906822	0.0109127
14	95018415	0.145833
14	96256471	0.271825
14	96448367	0.722222
14	96682783	0.337302
14	96894369	0.15873
14	98619868	0.100198
14	98792879	0.0188492
14	98904960	0.990079
14	99018688	0.0615079
14	99197967	0.115079
14	99266231	0
14	99392241	0.320437
14	99718105	0.0347222
14	101399787	0.117063
14	101529142	0.746032
14	101584142	0.983135
14	103076595	0.644841
14	103835128	0.405754
14	104038418	0.0892857
14	104166783	0.496032
14	104624993	0.806548
14	104954376	0.25496
14	107171282	0.999008
15	23129027	0.00297619
15	24257659	0.173611
15	24315868	0.156746
15	24367547	0.339286
15	24417499	0.000992064
15	24461695	0.929563
15	25908369	0.0188492
15	26151685	0.650794
15	26262096	0.263889
15	26443944	0.0496032
15	28982127	0.518849
15	31700985	0
15	33204419	0.093254
15	34291660	0.608135
15	35001752	0.694444
15	35069208	0.000992064
15	35138500	0
15	35294435	0.404762
15	35825595	0.0833333
15	37646848	0.21131
15	37710619	0.145833
15	39508200	0.136905
15	39627146	0.00892857
15	42579686	0.941468
15	42645892	0.0972222
15	43972629	0.418651
15	44538660	0.84623
15	45526949	0
15	45688603	0.179563
15	47206675	0.0347222
15	48178096	0.357143
15	49506758	0.046627
15	51475652	0.00595238
15	52759420	0.175595
15	53943440	0
15	55403672	0.972222
15	55465381	0.0267857
15	57388279	0.811508
15	57646861	0.787698
15	60476994	0.166667
15	60797128	0
15	61553374	0.805556
15	62077220	0.270833
15	62605621	0.450397
15	63641427	0.00396825
15	63779752	0.219246
15	64358722	0.828373
15	66379744	0.374008
15	67634862	0.441468
15	68628601	0.828373
15	69481071	0.164683
15	69628947	1
15	69854306	0.196429
15	70127606	0.485119
15	70391638	0.725198
15	70598562	0.190476
15	71704609	0.439484
15	71774871	0.998016
15	74241749	0.322421
15	74952342	0.433532
15	79051721	0.094246
15	79848929	0.786706
15	79916695	0
15	80581390	0.59623
15	80778586	0.118056
15	83254070	0.46627
15	85428604	0.266865
15	86207049	0.338294
15	86376655	0.176587
15	86700316	0.444444
15	89094866	0.654762
15	89273097	0.0505952
15	89449627	0.448413
15	89511981	0.108135
15	90867363	0.0168651
15	91710038	0.691468
15	91897748	0.661706
15	92869283	0.399802
15	93555717	0.0962302
15	93776485	0.526786
15	95611011	0.0982143
15	96673900	0.0505952
15	97571833	0.887897
15	98310219	0.941468
15	98901916	0.345238
15	99215615	0.888889
15	99832891	0.0138889
15	100407427	0.105159
15	100707770	0.147817
15	100955951	0.457341
15	101017490	0.415675
15	101900364	0.116071
16	991002	0.412698
16	1173368	0.00198413
16	1485255	0.0664683
16	1744736	0.0992064
16	3382058	0.9375
16	4766831	0.014881
16	5499768	0.194444
16	5619469	0.659722
16	6266321	1
16	6526273	0.524802
16	6858183	0.314484
16	6988871	0.178571
16	7015903	0.138889
16	7532478	0.21627
16	10433449	0.117063
16	10704535	0.294643
16	10896769	0.188492
16	11006543	0.513889
16	11288428	0.531746
16	11395915	0.0426587
16	11450111	0.000992064
16	11533043	0.142857
16	12452944	0.255952
16	12986597	0.431548
16	13888105	0.000992064
16	14051776	0.331349
16	15850912	0.114087
16	15915724	0.175595
16	16879328	0.16369
16	17020134	0.839286
16	17280770	0.203373
16	17987625	0.0367064
16	18119013	0.231151
16	19359642	0.516865
16	20545986	0
16	23303517	0.00892857
16	24027018	0.223214
16	24310100	0.00396825
16	24375802	0.458333
16	25285100	0.599206
16	25633443	0.150794
16	25699761	0.41369
16	26793098	0.96627
16	27034474	0.332341
16	29216321	0
16	31558110	0.238095
16	31790668	0.267857
16	34401335	0.315476
16	46412650	0.431548
16	47974543	0.00297619
16	48821420	0.219246
16	49157100	0.469246
16	49370208	0.209325
16	49984049	0
16	50047925	0.0982143
16	50481811	0.230159
16	52455456	0.159722
16	52971779	0.963294
16	53188669	0.445437
16	53508507	0.179563
16	53659461	0.00198413
16	53736998	0.46627
16	54952312	0
16	55202592	0.00992064
16	56327744	0.180556
16	56552173	0.165675
16	56733874	0.251984
16	57565469	0.986111
16	58086101	0.00892857
16	58227983	0.293651
16	58909324	0.291667
16	59501684	0.122024
16	59574268	0.214286
16	64348270	0.0625
16	65844795	0.911706
16	66034795	0.296627
16	66162454	0.0724206
16	68008679	0.00595238
16	69478082	0
16	70021457	0.0833333
16	70167808	0
16	71965230	0.047619
16	72155580	0.0436508
16	73009698	0.214286
16	74173179	0.407738
16	74300016	0.206349
16	74427366	0.10119
16	76276174	0.686508
16	77481986	0.0853175
16	77587083	0.947421
16	78076222	0.431548
16	78649717	0.694444
16	79129543	0.78869
16	79167548	0.367063
16	79203866	0.141865
16	80409383	0.174603
16	80503223	0.555556
16	81035637	0.568452
16	81455658	0.0753968
16	81508633	0.295635
16	81654451	0.242063
16	82157889	0.53869
16	82292326	0.636905
16	82421716	0
16	82819444	0.515873
16	83262240	0.139881
16	83302526	0.14881
16	83554505	0.046627
16	85259223	0.483135
16	85932351	0.0982143
16	86075101	0.0109127
16	86117695	0
16	87361393	0.180556
16	87410826	0.345238
16	87669882	0.422619
16	87779664	0.141865
16	87869540	0.0386905
16	88362812	0.136905
16	88651295	0.244048
16	89170679	0.494048
17	970601	0.968254
17	2324664	0.00198413
17	2456469	0
17	3078354	0.559524
17	3756724	0.65873
17	4602937	0.831349
17	4992114	0.292659
17	5199038	0.953373
17	5270712	0.0565476
17	5406110	0.0575397
17	5737066	0.530754
17	6171630	0.556548
17	6420022	0.150794
17	6560596	0.705357
17	9787936	0
17	10025825	0.12004
17	10219774	0.0287698
17	10775044	0.967262
17	13542902	0.0744048
17	15247523	0.489087
17	16859829	0.0625
17	16992544	0.72619
17	17130237	0.847222
17	17742904	0.16369
17	18815547	0.0545635
17	20459319	0.339286
17	21144074	0.651786
17	25714761	0.324405
17	26047381	0.677579
17	27610597	0.558532
17	28534469	0.824405
17	28924585	0.141865
17	29284214	0.000992064
17	30038259	0.0625
17	30316385	0.000992064
17	31624706	0.322421
17	32802236	0.260913
17	32923347	0.0654762
17	33832308	0.603175
17	33981704	0.965278
17	34198593	0.014881
17	35338366	0.014881
17	35901374	0.248016
17	36499795	0.0753968
17	37004449	0.0496032
17	38418212	0.287698
17	38718890	0.0218254
17	39081713	0.708333
17	39146734	0.527778
17	40480498	0.369048
17	43421720	0.0882936
17	44242759	0.000992064
17	45045894	0.425595
17	46010380	0.527778
17	47226651	0.450397
17	47374886	0
17	47916797	0.6875
17	49018764	0
17	49900684	0.102183
17	50634521	0.162698
17	50701041	0.844246
17	51039815	0.232143
17	52030913	0.000992064
17	52928603	0.000992064
17	54095803	0.0605159
17	55100114	0.801587
17	55871251	0.0168651
17	57816578	0.452381
17	58589355	0
17	58983549	0.12004
17	60326449	0.537698
17	60709277	0.808532
17	62025238	0.412698
17	63276780	0.332341
17	63980599	0.00297619
17	64690492	0.0565476
17	65171122	0
17	68927276	0.328373
17	70903286	0.736111
17	71352518	0.0238095
17	71607027	0.429563
17	72462466	0.71627
17	72974577	0.125992
17	74103599	0.905754
17	74306274	0.0456349
17	74938488	0.369048
17	76933645	0.291667
17	77266813	0.798611
17	78037029	0
17	78634810	0.233135
17	78919131	0.206349
17	79020533	0.293651
17	79217478	0.746032
17	80084080	0.136905
18	369148	0.014881
18	630796	0.144841
18	826506	0.297619
18	1531453	0.132937
18	2638079	0.0505952
18	3101520	0.508929
18	4673119	0.107143
18	5255457	0.781746
18	6534934	0.103175
18	6729022	0.422619
18	7301170	0.0813492
18	8206173	0.835317
18	8575945	0.0853175
18	9714212	0.104167
18	9977469	0.270833
18	10344914	0.513889
18	10714679	0.159722
18	12104380	0.534722
18	12317836	0.844246
18	13354105	0.107143
18	13421467	0.499008
18	14293150	0.0386905
18	20647610	0.805556
18	20718897	0.265873
18	23138200	0.315476
18	24094016	0.233135
18	24174719	0.322421
18	24246324	0.0734127
18	24469653	0.172619
18	24537524	0.000992064
18	25002462	0.239087
18	25155168	0.220238
18	26127280	0.214286
18	26345969	0.486111
18	27141815	0.602183
18	27972066	0.0287698
18	29700550	0.0436508
18	30301116	0.0873016
18	30620082	0.000992064
18	31100421	0.00297619
18	32097329	0
18	33599720	0.24504
18	34229142	0.179563
18	35798082	0.411706
18	37575759	0.181548
18	37647852	0.611111
18	38509084	0.883929
18	39414215	0.248016
18	39705550	0.690476
18	40625780	0.178571
18	45693972	0.0912698
18	45833032	0.00396825
18	46043029	0.0188492
18	47957890	0.287698
18	48434110	0.652778
18	48942264	0.777778
18	49955005	0.858135
18	50151945	0.884921
18	50216372	0.479167
18	50498354	0.306548
18	50688149	0.701389
18	51204980	0.524802
18	53577346	0.826389
18	55279262	0.0119048
18	57704598	0.744048
18	59382077	0.0208333
18	60255742	0.00396825
18	61409858	0.986111
18	62223552	0
18	63497191	0.0238095
18	66951620	0.000992064
18	67018798	0.900794
18	68140526	0.0724206
18	68774209	0.338294
18	69640864	0.0248016
18	70365058	0.102183
18	70430094	0.000992064
18	71137317	0.588294
18	74094506	0.167659
18	75005559	0.0724206
18	75126203	0.53869
18	75324205	0.602183
18	76072218	0.261905
18	76286878	0.33631
18	77574374	0.112103
19	295847	0.718254
19	488391	0.429563
19	4034206	0
19	4658607	0.0535714
19	4781380	0.686508
19	5355331	0.576389
19	6370208	0.397817
19	6621851	0.455357
19	6739710	0.509921
19	7202049	0.435516
19	7264927	0
19	7773933	0.925595
19	7897593	0.0228175
19	8098940	0.00198413
19	12482705	0.12004
19	12545425	0.345238
19	12824015	0
19	13682490	0.128968
19	13746693	0.410714
19	14568691	0.00892857
19	14952238	0.0902778
19	15135741	0.108135
19	15683159	0.0515873
19	16154910	0.418651
19	16549890	0.269841
19	16759015	0.0218254
19	17842205	0.014881
19	18375035	0.234127
19	18708414	0.000992064
19	18978119	0
19	19393714	0.233135
19	19533880	0.12004
19	20046102	0.0505952
19	20858625	0.374008
19	20925144	0.000992064
19	21831057	0.310516
19	22794881	0.0505952
19	23371470	0.888889
19	28893873	0.698413
19	29326179	0.46131
19	29866045	0.554563
19	29919576	0.835317
19	30099457	0.834325
19	30700193	0.494048
19	30916121	0.237103
19	32103145	0.0138889
19	34321992	0.144841
19	35852880	0.847222
19	36828217	0.348214
19	37162125	0.212302
19	37651470	0.0565476
19	37732815	0.12004
19	39430501	0.219246
19	40501915	0
19	40886187	0
19	43126969	0.0962302
19	43919808	0.614087
19	44279789	0
19	44437979	0.282738
19	45346069	0.257937
19	46726745	0.525794
19	51685706	0.186508
19	53234323	0.396825
19	53389871	0.246032
19	53629844	0.367063
19	53813678	0.325397
19	54562177	0.760913
19	54726226	0.776786
19	55147816	0.0188492
19	55324171	0.0267857
19	55384356	0.962302
19	55994708	0.121032
19	56350716	0.290675
19	57464875	0
19	57842974	0.587302
19	58279845	0.0595238
1	1032388	0.0853175
1	1323947	0.220238
1	2025441	0.135913
1	2623326	0.992063
1	3227170	0
1	3644858	0.0625
1	4235768	0.782738
1	4473263	0.0873016
1	7095222	0.219246
1	8228694	0.00992064
1	9139627	0.965278
1	10004882	0.84127
1	11252716	0.943452
1	11839435	0.996032
1	14197525	0.134921
1	15459546	0
1	16451413	0.869048
1	16869901	0.626984
1	17062016	0.765873
1	19308155	0.565476
1	19903728	0.0218254
1	20586380	0.860119
1	21143733	0.725198
1	21307744	0.172619
1	21830340	0.507937
1	24861049	0.000992064
1	25876340	0.0198413
1	28088583	0.266865
1	28555426	0.0992064
1	29491088	0.0753968
1	29644184	0.00396825
1	30064687	0.15377
1	30525681	0.479167
1	30773656	0.047619
1	31255905	0.606151
1	32241227	0.220238
1	33538614	0.000992064
1	34141355	0.912698
1	34277722	0.963294
1	34486225	0.194444
1	35242436	0.145833
1	36851843	0.0297619
1	37584326	0.399802
1	40152676	0.917659
1	40447053	0.134921
1	40987301	0.0287698
1	42606766	0.378968
1	42757030	0.756944
1	46647972	0.99504
1	47386720	0.0535714
1	49127598	0.325397
1	52190145	0.104167
1	53568099	0.191468
1	53845440	0.500992
1	54956262	0.193452
1	56787384	0.366071
1	57627874	0
1	57767050	0.546627
1	58413084	0.12996
1	58853266	0.414683
1	62607616	0.0625
1	63042126	0.767857
1	63285033	0.0168651
1	64029606	0.666667
1	64647608	0.418651
1	64793352	0
1	65723174	0.219246
1	66129646	0.87004
1	66805270	0.0138889
1	67003458	0.429563
1	67287174	0.175595
1	67675883	0
1	68473073	0.678571
1	69786186	0.299603
1	72479322	0.0347222
1	73106029	0.676587
1	73180606	0.00297619
1	73322657	0.873016
1	73763426	0.00496032
1	73837417	0.784722
1	74474583	0.0912698
1	74699099	0.114087
1	76689130	0.0912698
1	77130386	0.253968
1	77475915	0.458333
1	78694556	0.160714
1	79391605	0.35119
1	79589631	0.190476
1	80054305	0.121032
1	80270404	0.197421
1	80477722	0.112103
1	80613801	0.359127
1	80946753	0.126984
1	81150907	0.545635
1	81341758	0.323413
1	81745893	0.0287698
1	82136226	0.118056
1	83114950	0.00198413
1	83550156	0.253968
1	84112765	0.74504
1	84324834	0.0922619
1	84574282	0.359127
1	85203196	0.998016
1	85346224	0.000992064
1	85488757	0.339286
1	86407018	0.031746
1	86478662	0.0694444
1	86992947	0.204365
1	91093014	0.914683
1	91699151	0.27877
1	91929916	0.000992064
1	93179175	0.975198
1	94319732	0.00198413
1	94595597	0.208333
1	95048936	0.00496032
1	95713758	0.0902778
1	96395343	0.0406746
1	96470185	0.320437
1	96847486	0.545635
1	96917491	0.363095
1	98407367	0.015873
1	98774293	0.078373
1	99928109	0.136905
1	100286952	0.644841
1	100612675	0.347222
1	101883032	0.253968
1	102411194	0.49504
1	102484197	0.15377
1	104880306	0.030754
1	105046945	0.707341
1	105289465	0.542659
1	108582810	0.268849
1	108884883	0.590278
1	109804813	0
1	110334812	0.59127
1	111208422	0.56746
1	111795352	0.0992064
1	111990736	0.135913
1	113042549	0
1	113571836	0.31746
1	114057949	0.60119
1	114574233	0.922619
1	114705427	0.545635
1	117621281	0.0565476
1	117765699	0.137897
1	119375130	0.302579
1	119446001	0.37004
1	119895261	0.235119
1	143517337	0.330357
1	146652118	0.000992064
1	149065406	0.397817
1	151932375	0.954365
1	152764795	0.0416667
1	153140359	0
1	155940948	0.212302
1	160258242	0.325397
1	161559327	0.734127
1	161700231	1
1	163717209	0.71627
1	164540861	0.751984
1	165150126	0.631944
1	165216783	0.0714286
1	166660101	0.650794
1	168455065	0.231151
1	171396584	0.27877
1	171690238	0.235119
1	171762125	0.132937
1	171915057	0.0238095
1	173098695	0.0138889
1	173576971	0
1	173666177	0.27381
1	174488230	0.0625
1	175299301	0.78869
1	177780156	0.204365
1	178924615	0.723214
1	179363275	0.102183
1	179428362	0.103175
1	180530769	0.000992064
1	182040959	0.280754
1	182189739	0.543651
1	183371192	0.24504
1	183610416	0.109127
1	183765630	0.449405
1	184205634	0.558532
1	185188793	0.378968
1	185761151	0.00595238
1	187250261	0.518849
1	189067463	0.506944
1	189802438	0.311508
1	190622633	0.725198
1	191106026	0.353175
1	193935950	0.00892857
1	194349410	0.0297619
1	194542413	0.712302
1	195217561	0.00892857
1	196126735	0.199405
1	198288709	0.89881
1	198751393	0.516865
1	199741049	0.617063
1	199971363	0.990079
1	201080369	0.126984
1	201326838	0.368056
1	202027755	0.220238
1	202098078	0.0505952
1	203487892	0.214286
1	203989800	0.0138889
1	204413748	0.385913
1	204625007	0.999008
1	204906600	0.0109127
1	205334476	0.474206
1	205620895	0.0109127
1	208072697	0.0248016
1	208280881	0.615079
1	209999051	0.304563
1	210387562	0.189484
1	211002395	0.160714
1	211142834	0.0803571
1	212444904	0.000992064
1	213050887	0.994048
1	215012412	0.229167
1	215095955	0
1	215845310	0.374008
1	216049162	0.309524
1	216184427	0.722222
1	216674316	0.624008
1	217022299	0
1	217356154	0.000992064
1	217415162	0.130952
1	217474401	0.116071
1	219974057	0.0168651
1	221603142	0.0327381
1	222234225	0.385913
1	222542529	0.449405
1	226000303	0
1	226367874	0.184524
1	226602510	0.459325
1	227333175	0
1	227983336	0.0248016
1	228193931	0.111111
1	229823966	0.364087
1	230594749	0.358135
1	232695646	0.559524
1	232892425	0.0277778
1	233030248	0.00198413
1	234410343	0.0813492
1	234812041	0
1	235160328	0.916667
1	237138582	0.174603
1	237481988	0.198413
1	238157240	0.542659
1	238506357	0.0347222
1	239569350	1
1	241880580	0.160714
1	243451405	0.738095
1	246308279	0.390873
1	246647966	0.330357
1	247267668	0.133929
1	247611413	0
1	248143743	0
1	248266382	0
1	248525330	0.380952
20	138620	0.53869
20	779237	0.235119
20	1405756	0.824405
20	1474481	0
20	1539350	0.787698
20	2024688	0.743056
20	2089036	0.931548
20	2631075	0.356151
20	2842102	0.744048
20	3638518	0.0188492
20	4188267	0.394841
20	4395778	0.34127
20	4532711	0.84623
20	5058088	0.845238
20	6336546	0
20	8407440	0.365079
20	10092626	0
20	11857213	0.52381
20	12577504	0.00297619
20	12700976	0
20	13492998	0.194444
20	13877161	0.52877
20	14523712	0.194444
20	15747063	0.134921
20	18065024	0.22619
20	18721378	0.430556
20	19200608	0.0178571
20	20019147	0.588294
20	21934525	0.511905
20	23312692	0.0873016
20	24728125	0.0138889
20	25280781	0.910714
20	25708759	0.0734127
20	31289047	0.481151
20	33971085	0.71131
20	34346502	0.131944
20	37152920	0
20	37294883	0.581349
20	37366096	0.358135
20	37820996	0.151786
20	39876567	0.218254
20	40784747	0
20	42554374	0.0625
20	43265604	0.727183
20	43794070	0.0277778
20	44228051	0.0248016
20	46280584	0.094246
20	46404712	0.146825
20	47047747	0
20	47341907	0.320437
20	47924908	0.100198
20	48924164	0.62996
20	49741474	0.0982143
20	50062586	0.309524
20	50328487	0.967262
20	51450612	0
20	52213648	0.892857
20	52628524	0.00694444
20	53609874	0.407738
20	54372682	0
20	56052598	0.0109127
20	56230137	0
20	56528352	0.266865
20	58284254	0.0178571
20	59722734	0
20	60130351	0.642857
20	60289603	0.194444
20	60989365	0.426587
21	11138265	0.499008
21	15632001	0.599206
21	15954528	0.145833
21	16679853	0
21	16812630	0.207341
21	16940401	0.118056
21	17001763	0.797619
21	18431308	0.622024
21	18537161	0.194444
21	18583786	0.00694444
21	19066540	0.582341
21	19491628	0.142857
21	19563425	0.425595
21	19636897	0.047619
21	20246704	0.222222
21	21212781	0.000992064
21	21848069	0.865079
21	21963752	0.625992
21	22135991	0.931548
21	22784738	0.321429
21	23536587	0.109127
21	23932413	0.297619
21	24120742	1
21	24253712	0
21	24389489	0.0168651
21	24456769	0.031746
21	24996901	0.37996
21	25300358	0.361111
21	28828764	0.459325
21	29694821	0.83631
21	29765916	0.147817
21	31186894	0.0277778
21	31249960	0.0287698
21	31381148	0.077381
21	33924375	0.146825
21	34517455	0.0634921
21	36689751	0.296627
21	37377631	0.347222
21	38724829	0.0168651
21	39731391	0.0555556
21	40080260	0.859127
21	40221279	0.475198
21	40350931	0.291667
21	40627020	0.231151
21	40828382	0.0267857
21	41415044	0.206349
21	41601422	0.290675
21	41849478	0.0922619
21	42356817	0.00396825
21	42612880	0.0644841
21	43161805	0.607143
21	44632427	0
21	44923645	0.000992064
21	45141115	0.767857
21	46252318	0.208333
21	46454595	0.676587
21	46905041	0.14881
21	46947477	0.46627
21	47718633	0.443452
22	17747278	0.215278
22	18237906	0.00396825
22	19050878	0.41369
22	19535132	0.00198413
22	19962769	0.534722
22	21560491	0.28373
22	22534363	0.675595
22	23056273	0.458333
22	23103832	0.575397
22	23551151	0.00595238
22	24119331	0.0327381
22	25692224	0.660714
22	26190291	0.859127
22	27120203	0.347222
22	27257220	0.00694444
22	27672797	0
22	29273028	0.111111
22	29512730	0.142857
22	29934547	0.402778
22	31037602	0.44246
22	31336149	0.581349
22	32736667	0.197421
22	32860250	0.22123
22	34105222	0.570437
22	35997971	0.0357143
22	37070055	0.179563
22	37381343	0.529762
22	37509087	0.267857
22	37569796	0.992063
22	38071511	0.264881
22	38196837	0.99504
22	39264805	0
22	39894549	0.014881
22	41374107	0.333333
22	43095457	0.999008
22	43540978	0.332341
22	45261328	0.97123
22	45858278	0.109127
22	45981504	0.499008
22	46591845	0.00198413
22	46657798	0.000992064
22	46719357	0
22	46815928	0.0119048
22	47130782	0.46131
22	47613543	0.121032
22	47774429	0.0138889
22	48679288	0.0545635
22	49467981	0.00198413
22	49560321	0.270833
22	50618066	0.015873
2	258210	0.248016
2	854963	0.571429
2	1152946	0.881944
2	1810457	0.0694444
2	2191758	0.122024
2	2728385	0.234127
2	3674077	0.311508
2	4169089	0
2	5859603	0
2	6334830	0.176587
2	6582822	0.0426587
2	7164812	0.166667
2	7582762	0.186508
2	8093026	0
2	9918758	0.28373
2	10239208	0
2	10739651	0.624008
2	10988517	0.0297619
2	12043319	0.106151
2	12169010	0.231151
2	12930405	0
2	14350328	0.546627
2	15227430	0.412698
2	16176894	0.139881
2	18072528	0.592262
2	18145021	0.157738
2	18465890	0.0198413
2	18529866	0.412698
2	19099097	0.424603
2	19514419	0.47123
2	19856960	0.218254
2	20042121	0.218254
2	23337884	0.440476
2	23544311	0.177579
2	24168188	0.776786
2	25100738	0.482143
2	25956445	0.0972222
2	26960055	0.000992064
2	28145313	0.000992064
2	28481632	0
2	29436633	0.873016
2	29698164	0.71627
2	29823352	0.75496
2	30342750	0.948413
2	30741913	0.867063
2	30941795	0.698413
2	32192141	0.116071
2	33098558	0.0555556
2	33228292	0.271825
2	34142201	0.840278
2	34644214	0.590278
2	35557894	0.0515873
2	36870416	0.0863095
2	37235324	0.550595
2	37302180	0.167659
2	38524487	0.119048
2	38993777	0.992063
2	40927841	0.897817
2	42442163	0
2	42497913	0.576389
2	45542306	0.244048
2	45803035	0.167659
2	46400604	0.96627
2	47119806	0.121032
2	48040784	0.253968
2	48744928	0
2	48861343	0.0684524
2	51326497	0.203373
2	52346248	0.000992064
2	52644607	0.0843254
2	52808561	0.503968
2	54584738	0.71131
2	54844970	0.0505952
2	55034113	0.984127
2	56108333	0.829365
2	56622818	0.666667
2	57247562	0.0694444
2	57306578	0.376984
2	57479702	0.106151
2	57718298	0
2	58892049	0.0803571
2	59433022	0.724206
2	59896923	0.280754
2	60538243	0.770833
2	60739061	0.0327381
2	64820733	0.175595
2	65448897	0.00694444
2	66414782	0.198413
2	67608838	0.0644841
2	69361621	0.0912698
2	70459227	0.681548
2	71214755	0.159722
2	71270035	0.352183
2	71469011	0.839286
2	72339870	0.401786
2	73419367	0.381944
2	75458058	0.0724206
2	75979892	0.311508
2	76363928	0.030754
2	76760870	0.813492
2	77367890	0.354167
2	78459643	0.0525794
2	80053619	0
2	81104506	0.450397
2	81230361	0.171627
2	81851587	0.0605159
2	82124086	0.58631
2	83762070	0.230159
2	83841825	0.00198413
2	86923434	0.796627
2	87291652	0.0208333
2	89833145	0.00892857
2	98393894	0.0119048
2	99379459	0.290675
2	101104652	0.0168651
2	101303625	0.281746
2	102431663	0.0734127
2	102511761	0
2	102984624	0.125
2	103335754	0.000992064
2	103561126	0.28869
2	103633789	0
2	104127109	0.0168651
2	106012413	0.0605159
2	107219263	1
2	107951720	0.769841
2	108536524	0.365079
2	110278197	0.230159
2	112400825	0.24504
2	113608823	0.419643
2	114479646	0.0386905
2	115063111	0.359127
2	116825042	0.0396825
2	117094197	0.046627
2	117894381	0.8125
2	118019225	0.349206
2	118160828	0.202381
2	118350241	0.236111
2	118406824	0.031746
2	119631220	0.529762
2	119886918	0.702381
2	121001451	0
2	121835283	0.455357
2	122665583	0.170635
2	123332354	0.647817
2	123973769	0.443452
2	124095615	0.614087
2	124275175	0.185516
2	125083298	0.0535714
2	125551558	0.0337302
2	126169657	0.0228175
2	126766935	0.126984
2	126839337	0.000992064
2	127517228	0.292659
2	128110082	0.000992064
2	128660235	0.128968
2	130179831	0.306548
2	132766337	0.183532
2	133435305	0.646825
2	133506387	0.300595
2	133644246	0.676587
2	134783395	0.0833333
2	135053117	0.547619
2	135342391	0.393849
2	135576890	0.118056
2	138071239	0.541667
2	138622180	0.681548
2	139499973	1
2	139919694	0.000992064
2	141627898	0.612103
2	142075788	0.581349
2	142199474	0.0664683
2	143249298	0.00396825
2	143692887	0.0664683
2	143916311	0.446429
2	144062815	0.0138889
2	145186749	0.573413
2	146573408	0.867063
2	151320822	0.0396825
2	151835317	0.89881
2	152135415	0.00198413
2	152892606	0.863095
2	153345413	0.282738
2	154993640	0.715278
2	155364830	0.77877
2	159061166	0.094246
2	159615541	0.0337302
2	162352888	0.991071
2	162432494	0.149802
2	162741508	0.131944
2	163036308	0.0565476
2	165050549	0.0664683
2	165999040	0.521825
2	167331603	0.436508
2	168224154	0.931548
2	168848831	0.0297619
2	169352260	1
2	169634963	0.0634921
2	170479662	0.0248016
2	170778696	0.452381
2	173248951	0.0863095
2	174831023	0.59623
2	175079597	0.957341
2	177804944	0.950397
2	178551511	0.256944
2	178697529	0.014881
2	179639297	0.882937
2	180261951	0.136905
2	181271753	0.266865
2	181409601	0.0486111
2	181917754	0.094246
2	182441862	0.137897
2	183052913	0.595238
2	184365753	0.467262
2	184503365	0.488095
2	187104885	0.00198413
2	188539571	0.827381
2	191294529	0.618056
2	192163406	0.651786
2	192678266	0.400794
2	192986104	0.260913
2	193219056	0.0882936
2	194228442	0.436508
2	194463663	0.915675
2	195671235	0.90377
2	198561735	0.259921
2	204173571	0.924603
2	206071402	0.0863095
2	209057517	0.00297619
2	209622211	0
2	209944440	0.769841
2	210375378	0.633929
2	214003871	0.912698
2	216300795	0.00198413
2	216523201	0.191468
2	216886889	0.68254
2	216959230	0.0694444
2	218711738	0.343254
2	219420694	0
2	220612810	0.313492
2	221166863	0.427579
2	222064941	0.212302
2	222267191	0.225198
2	222407442	0.358135
2	223873299	0.0228175
2	224009048	0.994048
2	225131678	0.686508
2	228104454	0.897817
2	229252098	0.126984
2	231425650	0.0178571
2	232507685	0.00396825
2	232985546	0.031746
2	233937896	0.165675
2	234574613	0.0287698
2	234829120	0.0525794
2	235648975	0.25
2	236394141	0.691468
2	238554999	0.638889
2	239798594	0.231151
2	239941638	0.300595
2	241005516	0.628968
2	242327076	0.114087
2	242759777	0.519841
3	259457	0.00297619
3	3030223	0.282738
3	3089219	0.105159
3	3533727	0.842262
3	3979796	0.164683
3	5094952	0.272817
3	5325924	0.815476
3	5433969	0.225198
3	5934444	0.978175
3	7428082	0.334325
3	7954629	0.00297619
3	8817758	0.00595238
3	8882406	0.200397
3	9274068	0.125992
3	9553006	0.392857
3	10132460	0.047619
3	10320968	0.0297619
3	10448426	0.693452
3	13150039	0.134921
3	13715876	0.00892857
3	14309514	0
3	14428788	0.884921
3	14826422	0.198413
3	15173371	0.116071
3	16161153	0.0327381
3	16845144	0.244048
3	18517403	0.389881
3	18597255	0.234127
3	19253068	0
3	19616897	0.000992064
3	19823532	0.0287698
3	21307401	0.266865
3	22173759	0.828373
3	22718898	0.588294
3	22833761	0.806548
3	23158915	0.359127
3	24086300	0.481151
3	24275702	0.0595238
3	24747610	0.176587
3	24933191	0.128968
3	25147501	0.0486111
3	25880631	0.954365
3	27095656	0.130952
3	27301586	0.100198
3	27444392	0.729167
3	27645090	0.109127
3	30857228	0.632937
3	32012756	0.194444
3	32157107	0.642857
3	34052342	0.681548
3	34861338	0
3	35278145	0.150794
3	36148763	0.575397
3	36212748	0.156746
3	37018991	0.0744048
3	37485641	0.0257937
3	37628954	0.746032
3	38085448	0.276786
3	39268725	0.505952
3	41136285	0.241071
3	43010683	0.0386905
3	43605688	0.886905
3	45653577	0.105159
3	46468813	0.224206
3	46851007	0.00396825
3	47090661	0
3	48293524	0.121032
3	49539401	0.0724206
3	50637469	0.59127
3	50987194	0.600198
3	53066268	0.0208333
3	54476770	0.151786
3	55107944	0
3	55171127	0.1875
3	55363997	0
3	58049891	0.630952
3	58324283	0
3	61725220	0.722222
3	62841521	0.128968
3	64462678	0.735119
3	64780788	0.755952
3	64964661	0.963294
3	65307541	0.202381
3	66134038	0.0228175
3	66853608	0.392857
3	68464042	0.332341
3	69648484	0.875992
3	71907532	0.580357
3	72361157	1
3	73821584	0.15873
3	74082903	0.169643
3	74608447	0
3	75594495	0.455357
3	75996625	0
3	76539092	0.391865
3	76682820	0.102183
3	78280919	1
3	79449839	0.502976
3	79738599	0.5625
3	80536788	0.87004
3	83849641	0.164683
3	84261341	0.000992064
3	85950384	0.112103
3	88296807	0.94246
3	89649439	0.0456349
3	95005277	1
3	95184863	0.467262
3	95313570	0.536706
3	95373871	0
3	95498844	0.499008
3	96805038	0.0386905
3	96880241	0.186508
3	97469435	0.329365
3	97790565	0.37004
3	97846458	0.522817
3	98109873	0
3	98306216	0.501984
3	98594902	0.0456349
3	100827338	0.00396825
3	103299709	0.100198
3	103361353	0.59127
3	104178878	0.93254
3	104326460	0.863095
3	104777973	0.931548
3	105280205	0.65873
3	105488076	0.18254
3	106159393	0.525794
3	106725717	0.310516
3	106795695	0.770833
3	107720228	0.093254
3	107868661	0.106151
3	109439443	0.531746
3	110166084	0.293651
3	111529928	0
3	113004155	0.15873
3	115358824	0.570437
3	115728651	0.264881
3	116102745	0.10119
3	116246864	0.251984
3	116651981	0.516865
3	116990816	0.196429
3	117056941	0.324405
3	117460638	0.362103
3	118669017	0.131944
3	119016198	0
3	119372164	0.659722
3	120359421	0.169643
3	121020169	0.0694444
3	121712980	0.894841
3	121871331	0.368056
3	122854935	0.0902778
3	123583879	0.957341
3	124202107	0.486111
3	125459083	0.174603
3	125493356	0.709325
3	126641756	0.154762
3	127860479	0.00694444
3	129272696	0.209325
3	131354616	0.242063
3	131690170	0.176587
3	132052401	0.00198413
3	132512280	0.167659
3	132937947	0.46131
3	137160213	0.35119
3	137682900	0.700397
3	137836353	0.638889
3	140138554	0.0119048
3	140415361	0.111111
3	140634101	0.200397
3	141128804	0.000992064
3	144590263	0.0267857
3	144660477	0.700397
3	144944044	0.91369
3	145495730	0.031746
3	146257393	0.166667
3	147302194	0.483135
3	147862402	0.33631
3	148302338	0.262897
3	148818772	0
3	149379353	0.318452
3	149767539	0.0545635
3	149839729	0
3	151140556	0.904762
3	153242983	0.0248016
3	153889601	0.515873
3	155758614	0.00198413
3	156908720	0.333333
3	156991097	0.332341
3	158168585	0.127976
3	158247007	0.0525794
3	158557459	0.193452
3	159137759	0.438492
3	160220716	0.0396825
3	160681614	0.597222
3	160836700	0.799603
3	163216268	0.110119
3	163513470	0.847222
3	163660882	0.0178571
3	164196906	0.0327381
3	164341382	0.046627
3	165612909	0.131944
3	167870265	0.0228175
3	170223550	0
3	171827336	0.237103
3	172046933	0.53869
3	172846749	0.000992064
3	173158103	0.0714286
3	174123537	0.770833
3	174352297	0.152778
3	174490143	0.217262
3	175200194	0.715278
3	176021945	0.655754
3	176373380	0.6875
3	176926429	0.251984
3	177276418	0.422619
3	178444271	0.487103
3	178750644	0.910714
3	178911975	0.104167
3	180648682	0.35119
3	181940645	0
3	183089760	0.25496
3	183730116	0
3	184485841	0.160714
3	186000722	0.296627
3	187139513	0.987103
3	188646633	0
3	189778883	0.33631
3	189900554	0.0456349
3	190695356	0.0367064
3	191176545	0.420635
3	191792018	0.00793651
3	192907683	0.978175
3	193684005	0.000992064
3	193744854	0.30754
3	194064402	0
3	194251804	0.796627
3	194308765	0.195437
3	194363175	0.375992
3	194666803	0.22123
3	194776943	0.0287698
3	195232655	0.123016
3	195597549	0.992063
3	195724614	0.0972222
3	196045555	0.871032
3	196247440	0.0793651
3	196948655	0.814484
3	197258289	0.124008
3	197884429	0.115079
4	506372	0.00198413
4	726322	0.309524
4	1254930	0.972222
4	1310448	0.185516
4	1560645	0.0724206
4	2358232	0.474206
4	2669409	0
4	3928134	0.260913
4	4079124	0.0128968
4	4120743	0.372024
4	5525378	0
4	7216154	0.014881
4	7876390	0.0545635
4	8291102	0.667659
4	8697488	0.266865
4	8792701	0.0853175
4	8868171	0.014881
4	9093536	0.220238
4	9418944	0.0496032
4	9979279	0.415675
4	11115352	0.125
4	11490786	0.353175
4	11549298	0.375992
4	11836893	0.00694444
4	12793585	0.33631
4	13927930	0.0734127
4	15499251	0.517857
4	16298575	0.191468
4	16862164	0.640873
4	16930525	0.103175
4	18324844	0.62996
4	19521505	0.929563
4	21117046	0.150794
4	21375450	0.203373
4	21637244	0.00694444
4	22176328	0.0684524
4	24340511	0.077381
4	27620640	0.0367064
4	29924629	0.188492
4	30604773	0.271825
4	32454478	0.113095
4	34107879	0.282738
4	34868958	0.0753968
4	35366128	0.030754
4	35602061	0.0208333
4	35718067	0.334325
4	35852682	0.999008
4	36131060	0.452381
4	37004743	0.493056
4	37557342	0.509921
4	38235883	0.960317
4	38578137	0.0178571
4	38979682	0
4	39129844	0.49504
4	39829849	0.0416667
4	41320231	0.240079
4	42618822	0.0446429
4	42751332	0.185516
4	43892682	0.155754
4	44577166	0.0347222
4	46027834	0.328373
4	46709927	0.274802
4	47480558	0.0208333
4	54243141	0.132937
4	54462212	0.22619
4	54596795	0.105159
4	55096270	0.292659
4	55769394	0
4	56158891	0
4	56519241	0.321429
4	58144650	0
4	58720485	0.445437
4	60006819	0.643849
4	60064254	0.640873
4	61226168	0.0972222
4	62032070	0.113095
4	62172534	0.974206
4	62313287	1
4	62390461	0.938492
4	62610696	0.109127
4	63537123	0.222222
4	63769930	0.0367064
4	64668641	0.0734127
4	64796557	0.921627
4	65869002	0.125992
4	66382876	0.168651
4	66513573	0.59623
4	66961462	0.00198413
4	68043486	0.535714
4	68243568	0.435516
4	68468228	0.248016
4	68690277	0.00892857
4	69610004	0.243056
4	69952082	0.725198
4	70171938	0.37996
4	70765008	0.714286
4	71013320	1
4	71079513	0.300595
4	71213394	0.170635
4	73492494	0
4	73552093	0.259921
4	73679419	0.30754
4	73733122	0.223214
4	75370215	0.0882936
4	75977301	0.176587
4	76514614	0.0684524
4	78250309	0.277778
4	79518887	0
4	79982533	1
4	80769324	0.887897
4	81545638	0
4	82942076	0.298611
4	83241134	0.0376984
4	84201479	0.992063
4	85273310	0
4	86116461	0.267857
4	86690079	1
4	87238031	0.260913
4	87955544	0.324405
4	88102967	0.391865
4	88252573	0
4	90100948	0.205357
4	90573045	0.15873
4	90721637	0.000992064
4	91001043	0.83631
4	92266330	0.00198413
4	92784430	0.0188492
4	94069057	0.077381
4	95307175	0.268849
4	96168719	0.561508
4	96581564	0.430556
4	96892392	0.0257937
4	97422013	0
4	97554263	0.435516
4	97921253	0.000992064
4	99991642	0
4	100062466	0
4	100301241	0.651786
4	100533913	0.000992064
4	102509402	0.686508
4	103377005	0.000992064
4	103757641	0.501984
4	104274018	0
4	104740652	0.441468
4	105858508	0.384921
4	105938179	0.91369
4	106318207	0.676587
4	106527165	0.031746
4	106765915	0.000992064
4	108228806	0
4	108830476	0.0218254
4	109225926	0
4	111211234	0.260913
4	112246738	0.869048
4	112865123	0.0674603
4	114089743	0.0426587
4	114164585	0.243056
4	115216911	0.0277778
4	115654365	0.262897
4	115727643	0.0634921
4	115871031	0.568452
4	116952614	0.219246
4	117301183	0.000992064
4	117429916	0.268849
4	117493204	0.265873
4	117616344	0.363095
4	117909549	0.0386905
4	118340506	0.34623
4	119624641	0.171627
4	119704744	0.443452
4	119918448	0
4	121296151	0.74504
4	121436033	0.327381
4	122199104	0.422619
4	122617688	0.194444
4	125199539	0.14881
4	125558866	0.12996
4	125775711	0.206349
4	126940603	0.606151
4	127341052	0.116071
4	128150332	0.998016
4	128950238	0.680556
4	129443161	0.702381
4	130940921	0.777778
4	131277455	0.575397
4	131804615	0.252976
4	132456338	0.031746
4	133042575	0.489087
4	133249614	0.0962302
4	134022957	0.166667
4	136072657	0.407738
4	136415590	0.271825
4	136804680	0.365079
4	137494323	0.125992
4	138642592	0.609127
4	140562182	0.093254
4	143282778	0.608135
4	144028568	0.176587
4	144706639	0.223214
4	149572193	0.18254
4	150375347	0.6875
4	150829872	0.197421
4	151035926	0.161706
4	152321881	0.517857
4	153532240	0.304563
4	153970294	0.830357
4	154401582	0.228175
4	155916134	0.239087
4	156054738	0.978175
4	156121736	0
4	157365984	0.735119
4	158687138	0.830357
4	158758849	0.904762
4	160157642	0.125992
4	160233232	0.145833
4	160906981	0.0982143
4	161987951	0.140873
4	164216739	0.62004
4	164645477	0
4	164992023	0.0496032
4	165061164	0.335317
4	165122509	0
4	165268669	0.235119
4	165548634	0.103175
4	166574759	0.679563
4	167322741	0.105159
4	167465716	0.537698
4	167537183	0.257937
4	169404302	0.0109127
4	170130214	0.112103
4	171299485	1
4	171634823	0.0188492
4	172408167	0.535714
4	172542643	0.447421
4	174834295	0.113095
4	175264703	0.566468
4	175480636	0.231151
4	175622590	0.62004
4	175832662	0.949405
4	177227998	0.253968
4	177857218	0.965278
4	177998168	0.000992064
4	178426044	0.39881
4	179369002	0.230159
4	180932666	0.130952
4	181945567	0.078373
4	182068097	0.355159
4	182311061	0.71627
4	182369214	0.306548
4	183737933	0.998016
4	183928174	0.824405
4	184974235	0.167659
4	185424511	0.244048
4	185811189	0.00297619
4	185981730	0
4	186658780	0.0873016
4	187413194	0.552579
4	188529342	0.974206
4	188800733	0.00198413
4	188863191	0.420635
4	189251165	0.198413
4	189897845	0.0337302
4	190402838	0.0367064
4	190526823	0.541667
5	304462	0.0327381
5	1066739	0.374008
5	1652224	0.189484
5	3539652	0.154762
5	6567922	0.75496
5	7242819	0.397817
5	8195096	0.103175
5	8535527	0.793651
5	10002720	0.24504
5	10067486	0
5	11822748	0
5	12472314	0.201389
5	12824619	0.157738
5	13926197	0.896825
5	14390577	0.0198413
5	14520036	0.613095
5	16021557	0.137897
5	16981743	0.159722
5	17382703	0.348214
5	18142966	0.624008
5	19001898	0.489087
5	19072329	0.55754
5	19143429	0.424603
5	19302090	0.12996
5	20800122	0.876984
5	21861582	0.0297619
5	23098416	0.186508
5	24554171	0.112103
5	24884404	0.299603
5	25631478	0.50496
5	26368149	0.251984
5	26622364	0.00694444
5	27955741	0.418651
5	28093125	0.578373
5	28507234	0.127976
5	29334117	0.276786
5	30825689	0.522817
5	33108686	0.0198413
5	33596224	0.560516
5	34570537	0.157738
5	35129621	0.172619
5	36201336	0.477183
5	36555055	0.747024
5	36781051	0.581349
5	37800221	0.496032
5	39118413	0.000992064
5	39456098	0.0952381
5	40247047	0.0634921
5	40951368	0.137897
5	41148125	0.298611
5	41825798	0.030754
5	41988664	0
5	43718220	0.177579
5	43952084	0.0267857
5	45538384	0.676587
5	49687465	0.484127
5	50075654	0.177579
5	50216352	0.139881
5	51123251	0.293651
5	51518141	0.0267857
5	52062052	0.151786
5	53635364	0.477183
5	53704541	0.0605159
5	53914809	0.166667
5	54190247	0
5	54931106	0.431548
5	55079518	0.328373
5	55579789	0.00198413
5	56074451	0.247024
5	56664596	0.311508
5	60308836	0.100198
5	61385606	0.0188492
5	61782110	0.380952
5	62552497	0.00198413
5	62694441	0.996032
5	63036898	0.858135
5	63783781	0.178571
5	64902292	0.0793651
5	65065028	0.34127
5	65662467	0.0803571
5	66161010	0.257937
5	66737802	0.381944
5	66962521	0.416667
5	71387306	0.861111
5	73092269	0.253968
5	73303169	0.121032
5	74904326	0.231151
5	75720649	0.539683
5	75940274	0.633929
5	76372709	0.279762
5	77931536	0.0902778
5	78828196	0.583333
5	79619755	0.426587
5	80500967	0.102183
5	80575775	0.185516
5	80723693	0.0416667
5	82001631	0.580357
5	82361374	0.207341
5	82508576	0.492063
5	82831359	0.16369
5	83199000	0.444444
5	83982004	0.305556
5	84885351	0.1875
5	85228018	0.582341
5	86803812	0.396825
5	87290221	0.00198413
5	87368073	0.981151
5	88924503	0.529762
5	90835224	0.0406746
5	91064360	0.152778
5	94006802	0.0267857
5	95877665	0.84623
5	96393085	0.354167
5	96464878	0.350198
5	96733853	0.516865
5	97015988	0.202381
5	98676531	0.287698
5	100575164	0.594246
5	101128989	0.815476
5	103924699	0
5	105921679	0.368056
5	106935614	0.0734127
5	108060101	0.00496032
5	108531305	0.0565476
5	109253683	0.116071
5	111227702	0.116071
5	112016025	0.62996
5	113496557	0.730159
5	113558335	0.90377
5	113622874	0.0535714
5	114249837	0
5	114419303	0
5	115082586	0.136905
5	115639978	0.156746
5	116126220	0.62004
5	118853360	0.411706
5	120592185	0.594246
5	121074025	0.0525794
5	121391483	0.000992064
5	122238387	0.987103
5	122882380	0.342262
5	123024520	0.717262
5	125585574	0.64881
5	126133293	0.290675
5	127057148	0.259921
5	127601136	0
5	128198263	0.694444
5	128268601	0.0545635
5	128395927	0.735119
5	129174140	0.984127
5	129248302	1
5	129618633	0.0684524
5	131187826	0.492063
5	131783213	0.878968
5	132401730	0.385913
5	133531028	0.53869
5	134689300	0.094246
5	134833869	0.195437
5	136420127	0.348214
5	139147683	0.792659
5	140992235	0.345238
5	142203207	0.295635
5	142877286	0.125
5	143919661	0.0109127
5	144114347	0.580357
5	144811059	0.112103
5	145512390	0.206349
5	145734986	0.271825
5	147105672	0.168651
5	149963185	0.464286
5	150534919	0.881944
5	150673848	0
5	150739932	0.433532
5	152120504	0.00992064
5	152405169	0.496032
5	152621984	0.0208333
5	152748516	0.717262
5	153107480	0.928571
5	155208788	0.031746
5	156112766	0.168651
5	156330661	0.111111
5	157933592	0.296627
5	158535041	0.0178571
5	158782068	0.998016
5	159639906	0.361111
5	160196659	0.502976
5	161859854	0.114087
5	162759554	0.697421
5	164444398	0.0763889
5	165700298	0.203373
5	166970306	0.0902778
5	167117853	0.87996
5	168310585	0.0575397
5	168702502	0.421627
5	168918606	0.566468
5	169542281	0.0644841
5	170212127	0.169643
5	170802443	0.526786
5	171557395	0.212302
5	171828573	0.642857
5	172498259	0.280754
5	173125293	0.0555556
5	174057150	0.243056
5	174190130	0.998016
5	174652439	0.332341
5	176003960	0.842262
5	178269126	0.290675
5	178453837	0.427579
5	178526105	0.575397
5	179258901	0.762897
5	179765467	0.529762
5	180068239	0.535714
5	180320867	0.224206
6	580323	0.276786
6	1281235	0.0238095
6	2068725	0
6	2926077	0.111111
6	3828230	0.540675
6	3894981	0
6	4435289	0.320437
6	5016475	0.989087
6	5087422	0.031746
6	5952667	0.488095
6	6611909	0.0605159
6	8215963	0.381944
6	9328847	0.335317
6	9744561	0.0287698
6	10419163	0
6	11821628	0.0198413
6	13181008	0.0644841
6	14745282	0.980159
6	15237449	0.348214
6	15985534	0.257937
6	16298866	0.169643
6	16807092	0.152778
6	16956041	0.047619
6	17378471	0.74504
6	17588158	0.365079
6	19397061	0.349206
6	19592564	0.0575397
6	20992970	0.883929
6	21154412	0.00396825
6	23148266	0.204365
6	23801251	0.493056
6	24086836	0.522817
6	24685021	0.865079
6	25545151	0.485119
6	26270961	0.0565476
6	26566368	0.119048
6	29675676	0.691468
6	29839502	0.203373
6	29885774	0.921627
6	29918538	0.0228175
6	30092707	0.877976
6	30229694	0.530754
6	31087310	0.816468
6	31307715	0.178571
6	31336960	0.0982143
6	32410716	0.634921
6	32491945	0.649802
6	32523581	0.638889
6	32552134	0.280754
6	32579549	0.760913
6	32602430	0.241071
6	32628084	0.0327381
6	32649180	0.16369
6	33080360	0.392857
6	33730095	0.133929
6	33796109	0.0257937
6	34864646	0.258929
6	35620627	0.0595238
6	36068303	0.142857
6	36356002	0.430556
6	36710269	0.28373
6	36910017	0.402778
6	37100772	0.929563
6	39162806	0.0188492
6	39281456	0.12004
6	40174808	0.425595
6	40494855	0.47123
6	44665034	0.684524
6	44730395	0.426587
6	45176540	0.757937
6	45397050	0.592262
6	47104856	0.746032
6	47518939	0.280754
6	47849551	0.747024
6	49287716	0.525794
6	49419864	0.21131
6	50035034	0.00892857
6	51224727	0.12996
6	52028725	0
6	52163964	0.374008
6	52539268	0.826389
6	53206499	0.338294
6	54642652	0.0128968
6	56304126	0.00892857
6	56386814	0.645833
6	57588996	0.0734127
6	58035085	0.0972222
6	58742565	0.0753968
6	62197601	0.0982143
6	62281811	0.261905
6	63020939	0.166667
6	63145528	0.869048
6	65082399	0.498016
6	65149347	0.119048
6	65403943	0.40873
6	65538168	0.787698
6	66073433	0.364087
6	66408475	0.441468
6	66534214	0.110119
6	66913681	0.636905
6	67217053	0.918651
6	67455466	0.0119048
6	67573539	0.627976
6	68505832	0.0734127
6	68893545	0.543651
6	70298145	0.978175
6	70364881	0.0654762
6	70443883	0.564484
6	70970115	0.264881
6	71164013	0.00297619
6	71674547	0.250992
6	72501165	0.344246
6	72710793	0.0128968
6	73219047	0.0138889
6	73917645	0.363095
6	74632297	0.50496
6	74764272	0.696429
6	74900425	0.527778
6	75085873	0.030754
6	75415209	0.0238095
6	75550236	0.674603
6	76867534	0.373016
6	76925132	0.514881
6	77158764	0.0922619
6	77684060	0.200397
6	78034526	0.0644841
6	78407597	0.0674603
6	79014592	0.799603
6	79148644	0.259921
6	80294218	0.014881
6	80723229	0.0109127
6	81207262	0.0406746
6	81557836	0.290675
6	82837711	0.00297619
6	83281761	0.0505952
6	83800898	0.145833
6	85870792	0.0376984
6	86062148	0.568452
6	86822565	0.222222
6	88443876	0.891865
6	89886923	0.619048
6	90950736	0.559524
6	93692672	0.933532
6	95965656	0.243056
6	96268009	0.719246
6	96397261	0.594246
6	96538609	0.206349
6	97120356	0.434524
6	97202102	0.000992064
6	97756290	0.353175
6	98498892	0.340278
6	100279683	0.809524
6	103653760	0.189484
6	104266857	0.124008
6	105519194	0.827381
6	105665214	0.154762
6	106781896	0.615079
6	106848210	0.779762
6	107326433	0.690476
6	108079834	0.162698
6	108786063	0.199405
6	109031563	0.201389
6	110443385	0.128968
6	112298599	0.00992064
6	112368578	0.324405
6	113367106	0.519841
6	114382016	0.170635
6	115683039	0
6	115834247	0.545635
6	118382684	0
6	118840039	0.650794
6	119590609	0.672619
6	120896898	0.00198413
6	120970888	0.125
6	121046310	0.337302
6	121114267	0.422619
6	121187812	0.680556
6	121256344	0.260913
6	122380054	0.0406746
6	123567474	0
6	124993647	0.0714286
6	125438073	0.513889
6	127121564	0.498016
6	129311737	0.00892857
6	130056073	0.000992064
6	130620680	0.353175
6	131175997	0.185516
6	133144449	0.0287698
6	133941472	0.595238
6	134472610	0
6	135946439	0.308532
6	136535057	0.142857
6	137312547	0.999008
6	137521374	0.0625
6	137988709	0.14881
6	138122262	0.840278
6	139598319	0.117063
6	139805792	0
6	139951585	0.150794
6	141564290	0.878968
6	143097355	0.548611
6	144001128	0.103175
6	146680760	0.292659
6	149607060	0.422619
6	150209196	0.885913
6	150615876	0.969246
6	151364875	0.934524
6	151496364	0.34623
6	151567175	0.171627
6	152265659	0.0634921
6	152401938	0.0347222
6	153614932	0
6	153972582	0.338294
6	156308324	0.141865
6	157960256	0.384921
6	158085284	0.536706
6	160798048	0.241071
6	161004491	0.0367064
6	161349884	0
6	162591311	0.622024
6	162712953	0.0575397
6	162896475	0.498016
6	163927784	0.997024
6	164065102	0.999008
6	165186796	0.320437
6	165904813	0.235119
6	167211801	0.549603
6	167657394	0.309524
6	167711094	0.22123
6	168290384	0.803571
6	168569580	0.275794
6	168623545	0
6	168738746	0.691468
6	169033040	0.425595
6	169962700	0.671627
6	170492285	0.0257937
6	170796900	0.157738
7	1068691	0.0188492
7	1164368	0.157738
7	1373797	0.147817
7	1668813	0.184524
7	2160336	0
7	2211937	0.0565476
7	2533602	0.0138889
7	4214505	0.000992064
7	4765018	0.829365
7	5063090	0.522817
7	5728537	0.0793651
7	5834474	0
7	6456669	0.81746
7	6972543	0.734127
7	7134459	0.138889
7	7905413	0
7	10045019	0
7	11260916	0.0376984
7	11677840	0.197421
7	12097457	0.133929
7	12483077	0.0763889
7	12598409	0.314484
7	13488095	0.21627
7	13669204	0.566468
7	15000873	0.628968
7	15913289	0.740079
7	16417094	0.171627
7	16543230	0.144841
7	17219748	0.34127
7	19138505	0.247024
7	19540101	0.228175
7	19694632	0.18254
7	19753782	0.00297619
7	20080429	0.0287698
7	20943412	0
7	21147437	0.0763889
7	21465133	0.275794
7	22757089	0.206349
7	22883835	0.145833
7	22955068	0.479167
7	23028305	0.47123
7	25415714	0.332341
7	25952710	0.0198413
7	28466783	0.227183
7	30408353	0.119048
7	31586769	0.372024
7	32063381	0.316468
7	32831887	0.193452
7	33937625	0.694444
7	34381854	0.365079
7	35084302	0.0654762
7	36585410	0
7	37735900	0.300595
7	37953096	0.0724206
7	38631857	0.0486111
7	40020209	0.338294
7	40396366	0
7	41307633	0.164683
7	42582010	0.00892857
7	45505152	0.904762
7	46073299	0.808532
7	46658925	0
7	49200835	1
7	51825899	0.000992064
7	51954569	0.97619
7	52519258	0.613095
7	52760671	0.386905
7	52818090	0.112103
7	53048550	0.58631
7	53285473	0.170635
7	54189522	0.231151
7	54247350	0.75
7	54316866	0.014881
7	57389233	0.71627
7	57506751	0.242063
7	58025169	0
7	61250260	0.175595
7	62070460	0
7	62146819	0.176587
7	62453778	0.293651
7	63705941	0.179563
7	63922735	0.0823413
7	64005228	0.0833333
7	64681703	0.439484
7	64900721	0.457341
7	66801576	0.0982143
7	67257969	0.12996
7	68092019	0.00198413
7	68868011	0.302579
7	70282219	0.0615079
7	70931358	0.558532
7	71061750	0.208333
7	71392484	0.14881
7	71519406	0.997024
7	72306384	0.238095
7	73644787	0.0803571
7	74455474	0.135913
7	75606109	0.389881
7	75668329	0.391865
7	75806299	0.641865
7	77128216	0.165675
7	79234796	0.149802
7	80101213	0.0446429
7	80652302	0.0763889
7	80715165	0.487103
7	81104394	0.506944
7	81566761	0.271825
7	81783979	0.151786
7	82003787	0.094246
7	82283309	0.800595
7	82424231	0.131944
7	83226950	0.37996
7	85007066	0.320437
7	85916943	0.947421
7	86351217	0.231151
7	86966042	0.713294
7	87124959	0.0119048
7	88652809	0.622024
7	88794466	0.170635
7	89644425	0.452381
7	92692241	0.00992064
7	93026328	0.860119
7	93510131	0
7	94931271	0.111111
7	97155016	0
7	97299464	0.295635
7	97634963	0.588294
7	98321862	0.652778
7	100744777	0.000992064
7	101132338	0.119048
7	101983421	0.322421
7	102959379	0.047619
7	103037411	0.72123
7	103315179	0.164683
7	103436154	0.302579
7	104097663	0.865079
7	104159525	0.126984
7	104223762	0.381944
7	104731338	0.929563
7	105818520	0.396825
7	106086584	0.0625
7	107098877	0.31746
7	108922378	0.00496032
7	109279744	0.506944
7	110686211	0.0545635
7	113826438	0.00297619
7	113986556	0.264881
7	114911939	0.0654762
7	115218271	0.0952381
7	115519796	0.0277778
7	115593960	0.000992064
7	117558892	0.805556
7	118859659	0
7	120129659	0.510913
7	122448393	0.112103
7	122678150	0.309524
7	123971053	0.138889
7	124398196	0.5
7	127651281	0.00297619
7	128892536	1
7	133832017	0.673611
7	135678299	0.149802
7	135808060	0.0138889
7	137041777	0.374008
7	138549075	0.223214
7	139646514	0.758929
7	140151648	0.179563
7	143020780	0.160714
7	144767687	0.22619
7	144964831	0.282738
7	145164804	0.0426587
7	145503262	0.100198
7	146626250	0.0446429
7	147016786	0.740079
7	147562715	0.590278
7	147683635	0.979167
7	149620581	1
7	151373991	0.150794
7	151955297	0.0704365
7	153063175	0.388889
7	153524571	0
7	155608923	0.801587
7	155927105	0.617063
7	156109694	0.396825
7	156434675	0.27877
7	156648334	0.40377
7	157671763	0.231151
7	158075769	0.444444
8	188131	0.207341
8	273258	0.115079
8	786916	0.962302
8	923513	0.0228175
8	1273426	0.228175
8	1821774	0.360119
8	1911063	0.58631
8	2411645	0.142857
8	3172253	0.625
8	3322499	0.171627
8	3657115	0.0545635
8	3738568	0.301587
8	3842721	0.569444
8	3961693	0.222222
8	4103130	0.59623
8	5020466	0.402778
8	5461562	0.354167
8	5497151	1
8	5777673	0.14881
8	5920189	0.00496032
8	6378210	0.000992064
8	6421277	0.115079
8	6897885	0.262897
8	8596181	0.0982143
8	9165380	0.290675
8	9916930	0.537698
8	10322948	0.27381
8	10445051	1
8	11347107	0.0238095
8	12181570	0.0198413
8	12516200	0.271825
8	13312482	0.381944
8	14225968	0
8	15243699	0.444444
8	16084696	0.941468
8	16136686	0.15377
8	16723340	0.046627
8	16921890	0.378968
8	17098564	0.322421
8	17206588	0.296627
8	17393284	0.0823413
8	18535389	0.000992064
8	19207176	0.0664683
8	20051578	0.72619
8	20682145	0.104167
8	20796299	0.00297619
8	22439956	0.0962302
8	22803672	0
8	23219718	0.0486111
8	23942510	0.107143
8	24907236	0.21131
8	26355747	0.261905
8	26620521	0.525794
8	28033402	0.250992
8	28167580	0.433532
8	28996321	0.236111
8	29452409	0.416667
8	32454104	0.171627
8	33938229	0
8	34418614	0.232143
8	35409145	0.232143
8	39243380	0.077381
8	39333498	0.530754
8	39776922	0.0753968
8	39841583	0.668651
8	41620112	0.0892857
8	42060293	0.00694444
8	42282598	0
8	42354257	0.404762
8	43251461	0.201389
8	47396013	0.235119
8	47437354	0.619048
8	49074626	0.276786
8	49277870	0.25496
8	50059587	0.159722
8	50118608	0.375
8	50625293	0.929563
8	51453374	0.232143
8	52071210	0
8	54338463	0.0138889
8	55832755	0.0962302
8	56171131	0.479167
8	57438048	0.340278
8	57775276	0.300595
8	58926966	0.9375
8	59284854	0.0952381
8	59429512	0.102183
8	60224397	0.777778
8	61412097	0.0218254
8	62845516	0.396825
8	63659367	0.310516
8	64579745	0.975198
8	68913035	0.615079
8	68983584	0.473214
8	69422936	0.172619
8	70752861	0.231151
8	70955207	0.643849
8	71106304	0.314484
8	72642493	0.372024
8	72843805	0.00297619
8	73055180	0.212302
8	75215430	0.102183
8	75288794	0.296627
8	77259902	0.00198413
8	77695388	0.387897
8	78124967	0.193452
8	78464809	0.201389
8	78526277	0.0386905
8	78664579	0.0496032
8	78735355	0
8	78951749	0.484127
8	79252302	0.330357
8	80184838	0.0853175
8	80261062	0.68254
8	80796134	0.751984
8	82663947	0.882937
8	83421588	0.296627
8	83981980	0.00793651
8	84378403	0.207341
8	84570314	0.121032
8	86352758	0.447421
8	87212302	0.169643
8	87348720	0.587302
8	87856462	0.568452
8	88412755	0.261905
8	88815135	0.516865
8	90235911	0.0496032
8	91014154	0.00992064
8	91171735	0.296627
8	91685814	0.737103
8	92659644	0.000992064
8	92808851	0.496032
8	94166637	0.00198413
8	95011614	0.00297619
8	95621028	0.240079
8	95692011	0.540675
8	96502418	0.281746
8	96717974	0.0376984
8	96791051	0.464286
8	97016109	0.35119
8	99075587	0.195437
8	100686031	0.412698
8	101638424	0.249008
8	101840244	0.445437
8	102121365	0.0426587
8	102677805	0.414683
8	102745351	0.169643
8	103191667	0.506944
8	104588494	0.00198413
8	105468379	0.578373
8	106049672	0.240079
8	106269243	0.829365
8	106720501	0.630952
8	108698283	0.433532
8	109141570	0.112103
8	112704562	0.290675
8	113221430	0.0853175
8	113368547	0.478175
8	114547329	0.947421
8	114831373	0.100198
8	115483210	0.206349
8	115721881	0.0714286
8	116076926	0.198413
8	116537058	0.840278
8	118922507	0.427579
8	119072448	0
8	122516931	0.188492
8	122664506	0
8	122879061	0.519841
8	125288681	0.486111
8	125367500	0.402778
8	125576082	0.209325
8	126547207	0.378968
8	126960819	0.999008
8	127546182	0.607143
8	127829177	0.0257937
8	129071537	0.241071
8	129448014	0.34623
8	131584754	0.00496032
8	131780406	0.0585317
8	132715046	0.60119
8	133883102	0.580357
8	135391211	0.315476
8	136098668	0.124008
8	136757758	0.000992064
8	137002061	0.131944
8	138545911	0.230159
8	139077124	0.988095
8	139140876	0.203373
8	140505919	0.0664683
8	140728816	0.0972222
8	142144899	0
8	143858846	0.1875
8	143913948	0.374008
8	145881333	0.367063
8	146141474	0.295635
9	442272	0.994048
9	633350	0.00992064
9	1338853	0.59127
9	2536319	0.513889
9	4211977	0.0833333
9	4672712	0.59623
9	4777725	0.15873
9	7208342	0.593254
9	9290343	0.359127
9	10081387	0.37004
9	10130199	0.146825
9	10182184	0.10119
9	11857774	0.169643
9	12110786	0.704365
9	12372197	0.265873
9	12666562	0.0694444
9	13725313	0.363095
9	14025101	0.751984
9	14151853	0.832341
9	14798967	0.205357
9	16299039	0
9	16955672	0.165675
9	17746365	0.0724206
9	18641557	0
9	19477780	0.124008
9	20382226	0.014881
9	21844643	0.445437
9	22833369	0.423611
9	25142709	0.224206
9	26411670	0
9	26648358	0.0892857
9	27103307	0.0248016
9	27844665	0.0297619
9	27969578	0.19246
9	28214686	0.0615079
9	28792620	0.100198
9	28860018	0.87004
9	28922356	0.69246
9	29515267	0.96627
9	29776513	0.108135
9	29977862	0.160714
9	30308011	0.0803571
9	31086948	0.282738
9	31262324	0.114087
9	31888418	0.138889
9	37001471	0.400794
9	38380103	0.287698
9	38648775	0.110119
9	44124671	0.473214
9	65632583	0.421627
9	68187358	0.388889
9	68478408	0.626984
9	71116955	0.438492
9	71732036	0.241071
9	73088028	0.136905
9	73830386	0.514881
9	76172980	0.400794
9	76392885	0.732143
9	77901998	0.000992064
9	78371589	0.833333
9	78942572	0.0367064
9	79444740	0.475198
9	79701771	0.0218254
9	81491999	0.184524
9	82457350	0.0763889
9	83644264	0.41369
9	83786452	0.0555556
9	83860713	0.289683
9	83929252	0.0297619
9	84497199	0.150794
9	85095497	0.638889
9	85330183	0.244048
9	85477109	0.00297619
9	87024447	0.173611
9	87514761	0.0198413
9	88154941	0.493056
9	90150275	0.412698
9	91132865	0
9	91590422	0.357143
9	92742249	0.00198413
9	92949934	0.110119
9	93359724	0.0218254
9	93432785	0.0297619
9	93554540	0
9	94121330	0.359127
9	94343642	0.340278
9	94489212	0.000992064
9	95041636	0.150794
9	96133719	0.0406746
9	96701663	0.18254
9	100153559	0.363095
9	100233523	0.580357
9	102992687	0.00496032
9	103948758	0.68254
9	104382455	0.0386905
9	104597048	0.15873
9	104791433	0.856151
9	105096394	0.705357
9	105858437	0.402778
9	107814518	0.113095
9	108016065	0.128968
9	108515500	0.441468
9	108714151	0.97123
9	109715273	0
9	109862714	0.0555556
9	110270115	0.478175
9	111953707	0
9	112297928	0.000992064
9	113459655	0.197421
9	113612783	0.385913
9	113966610	0.112103
9	114335218	0.250992
9	114410702	0
9	115446130	0.15873
9	116438348	0.014881
9	116923991	0
9	119213715	0.320437
9	119282870	0.575397
9	119775606	0.72123
9	120249360	0.124008
9	120470372	0
9	121115184	0.382937
9	122455240	0.0287698
9	124191252	0.734127
9	124750976	0.0178571
9	126620972	0.0138889
9	126840565	0.372024
9	128910776	0.0863095
9	130183790	0.262897
9	130755320	0.633929
9	132074598	0.609127
9	132137256	0.0982143
9	132199199	0.833333
9	132524959	0.460317
9	134407305	0.928571
9	134818418	0.349206
9	135688538	0.21131
9	136009191	0.483135
9	137434547	0.385913
9	138121346	0.031746
9	138440045	0.689484
9	138824310	0.781746
9	140690034	0.871032
9	140805683	0.0337302
