10	350693	0.136183
10	796468	0.173956
10	1224581	0.794235
10	1279272	0.776342
10	1393592	0.912525
10	1449377	0.105368
10	2102433	0.0387674
10	4667529	0.222664
10	4911158	0.214712
10	5034016	0.202783
10	5420851	0.0228628
10	5550768	0.104374
10	5663691	0.498012
10	6417724	0.00198807
10	6747521	0.137177
10	7165106	0.403579
10	7545524	0.05666
10	9604930	0.259443
10	10232427	0.162028
10	11699441	0.94334
10	13269807	0.373757
10	13389006	0.0656064
10	14340610	0.329026
10	15551279	0.708748
10	15735617	0.181909
10	16988787	0.0208748
10	18788390	0.189861
10	20036177	0.622266
10	20162462	0.2167
10	21192389	0.00298211
10	21521210	0.0357853
10	24215163	0.0646123
10	25599875	0.55169
10	26983024	0.691849
10	27130625	0.486084
10	27336671	0.502982
10	27903768	0.595427
10	28702072	0.469185
10	28921788	0.246521
10	29060698	0.178926
10	29770786	0.549702
10	29827355	0.0636183
10	30472411	0.66501
10	31731063	0.0735587
10	32379600	0.998012
10	33467539	0.182903
10	33874231	0.274354
10	37217312	0.0805169
10	38167038	0.875746
10	38677789	0.505964
10	42382342	0.463221
10	44548259	0.0864811
10	48500100	0.00497018
10	48907434	0.460239
10	52540483	0.71173
10	53798924	0.272366
10	54225761	0
10	55030395	0.290258
10	55814018	0.22664
10	56937275	0.146123
10	58224183	0.00596421
10	59261217	0.806163
10	59334656	0.083499
10	64152808	0.0586481
10	64657502	0.107356
10	65327084	0.33499
10	66437582	0.823062
10	67025536	0.0874752
10	67572596	0.000994036
10	67827726	0.335984
10	67890325	0.17992
10	68272893	0.16501
10	68746991	0.656064
10	70068577	0.84493
10	71135074	0.0119284
10	72323275	0.272366
10	72717030	0.128231
10	73030775	0.853877
10	73094420	0.163022
10	73731768	0.0994036
10	74308804	0.639165
10	78316240	0.959245
10	78978242	0.0805169
10	79543819	0.281312
10	80400029	0.161034
10	80462933	0.0775348
10	80845405	0.298211
10	81417283	0.256461
10	82232706	0.400596
10	82510574	0.00795229
10	84676590	0.323062
10	85212217	0.0526839
10	85345465	0.0188867
10	86083579	0.124254
10	86795027	0.611332
10	86858515	0.27833
10	87726722	0.0228628
10	89172143	0.0387674
10	89435483	0.410537
10	90760606	0.547714
10	90904111	0.402584
10	91121907	0.261431
10	93729736	0.0735587
10	94155846	0.317097
10	95361588	0.166998
10	95504610	0.814115
10	95641485	0.445328
10	97029366	0.0874752
10	97329911	0.054672
10	98212575	0.39165
10	98441768	0.202783
10	98968967	0.614314
10	100302852	0.0318091
10	101084483	0.189861
10	101635461	0.692843
10	102024311	0.000994036
10	102925367	0.719682
10	105255614	0.148111
10	106767803	0.15507
10	107067938	0.0954274
10	109007002	0.925447
10	109411682	0.202783
10	109471620	0.56163
10	110158050	0.45328
10	110348376	0.436382
10	111935290	0
10	113225327	0.162028
10	113600635	0.314115
10	115559957	0.625248
10	115978451	0.171968
10	117079200	0.403579
10	117424380	0.0357853
10	118272726	0.913519
10	120197496	0.120278
10	121220708	0.382704
10	121286692	0.0596421
10	122535834	0.864811
10	122956484	0.999006
10	123758376	0.720676
10	125064283	0.166004
10	126303408	0.0447316
10	126436717	0.549702
10	126966739	0.201789
10	127789214	0.0228628
10	128043377	0.171968
10	129160313	0.255467
10	129273257	0.342942
10	129516607	0.813121
10	130754229	0.512922
10	130871039	0.000994036
10	131370520	0.536779
10	133324790	0.271372
10	134687912	0.132207
10	135051653	0.00795229
11	512205	0.135189
11	1370090	0.00198807
11	2337693	0.0815109
11	3583802	0.535785
11	4163558	0.929423
11	4548812	0.028827
11	5399218	0.187873
11	5877909	0.408549
11	6920970	0.176938
11	7260691	0.0109344
11	7825508	0.0447316
11	8505492	0.0119284
11	9010737	0.539761
11	9157925	0.366799
11	10137703	0.184891
11	11046259	0.183897
11	11400282	0.106362
11	12324679	0.0228628
11	13202953	0.115308
11	13412302	0.148111
11	14035961	0.375746
11	14418295	0.348907
11	15412448	0.0477137
11	16805048	0.843936
11	18118146	0.414513
11	18180856	0.307157
11	18938732	0.135189
11	19064316	0.129225
11	19532199	0.457256
11	20176986	0.388668
11	20316949	0.28827
11	22138887	0.00596421
11	22535284	0.0695825
11	22672739	0.141153
11	22806648	0.379722
11	23331591	0.331014
11	23462469	0.182903
11	23909957	0.463221
11	24253072	0.104374
11	24704375	0.17495
11	25443005	0.987078
11	25871796	0.267396
11	25996594	0.0357853
11	26237368	0.285288
11	26302294	0.158052
11	26653102	0.766402
11	27098784	0.185885
11	27171577	0.0606362
11	30302923	0.328032
11	30739896	0.0168986
11	31892201	0.000994036
11	32384813	0.139165
11	32516917	0.399602
11	33622297	0.00695825
11	34255541	0.971173
11	35847990	0.145129
11	36254509	0.0864811
11	38306518	0.0228628
11	38451400	0.492048
11	38579027	0.932406
11	40549546	0.112326
11	42162777	0.168986
11	42917230	0.431412
11	43880489	0.027833
11	44018804	0.776342
11	46194744	0.0805169
11	48535224	0.0805169
11	49073527	0.631213
11	49963338	0.592445
11	54992728	0.494036
11	56309093	0.116302
11	57020427	0.287276
11	57945418	0.421471
11	61519986	0.337972
11	62821139	0.153082
11	63966927	0.00994036
11	65587651	0.161034
11	66893474	0.00397614
11	68628743	0.298211
11	68693438	0.265408
11	68927048	0.392644
11	71122931	0.934394
11	71296482	0.699801
11	71526834	0.652087
11	73368875	0.585487
11	76348651	0.119284
11	77038903	0.681909
11	77745268	0.00497018
11	77877416	0.00397614
11	79209202	0.180915
11	79459484	0.0149105
11	80748693	0.11332
11	82992895	0.000994036
11	83204471	0.605368
11	83563436	0.95328
11	83755359	0.082505
11	84647430	0.0367793
11	85305353	0
11	86095816	0.110338
11	86834507	0.0874752
11	87507771	0.0765408
11	87802413	0.358847
11	87871776	0.0874752
11	88347843	0.67495
11	90375731	0.232604
11	90899786	0.775348
11	91090006	0.493042
11	91332680	0.0616302
11	91599345	0.171968
11	92760614	0.40159
11	93726072	0.594433
11	95350518	0.380716
11	96576270	0.130219
11	96760757	0.112326
11	98185572	0.137177
11	98804820	0.954274
11	99999990	0.0159046
11	100067600	0.592445
11	100469602	0.209742
11	101684475	0.175944
11	102641172	0.16501
11	102701858	0.473161
11	103078496	0.931412
11	103223596	0.661034
11	103359977	0.520875
11	103997165	0.208748
11	104062886	0.119284
11	104133611	0.12326
11	104643968	0.0308151
11	105432666	0.95328
11	105751330	0.408549
11	105921407	0.140159
11	106215204	0.745527
11	106882092	0.0129225
11	107161550	0.530815
11	108327218	0.170974
11	108404835	0.195825
11	108911002	0.206759
11	115090866	0.452286
11	115163665	0.105368
11	116948442	0.127237
11	118477367	0.692843
11	119337241	0.213718
11	119928883	0.289264
11	120196433	0.378728
11	121491307	0.473161
11	121790358	0.194831
11	123063082	0.00497018
11	124124775	0.406561
11	124717445	0.186879
11	126844664	0.110338
11	127107790	0.0536779
11	127664003	0.347913
11	130412175	0.114314
11	130934769	0
11	134035927	0.0188867
12	1845237	0.312127
12	2310551	0.361829
12	3204209	0.0904573
12	3374920	0.127237
12	3782894	0.147117
12	4063750	0.689861
12	5057389	0.082505
12	6203674	0.0298211
12	6260583	0.88668
12	6509888	0.482107
12	6838903	0.800199
12	6906828	0.631213
12	8229296	0.159046
12	9123932	0.437376
12	10024791	0.759443
12	10154249	0.569583
12	10705835	0.225646
12	11348886	0.869781
12	14468638	0.597416
12	15285379	0.0337972
12	17354283	0.0248509
12	17572718	0
12	17708675	0.0944334
12	18193198	0.137177
12	19421678	0.955268
12	20013193	0.00198807
12	20632922	0.291252
12	21017796	0.864811
12	21144501	0.0616302
12	21207758	0.638171
12	23992411	0.492048
12	24139829	0.388668
12	24207780	0.280318
12	25701401	0.720676
12	25983265	0.893638
12	26051954	0.826044
12	27000195	0.106362
12	27448496	0.450298
12	27963546	0.489066
12	28803717	0.353877
12	30412447	0.389662
12	30722566	0.312127
12	30877035	0.318091
12	32019875	0.265408
12	32274186	0.128231
12	32852949	0.161034
12	33398254	0.0437376
12	34807751	0.403579
12	38851616	0.0218688
12	39891709	0.0715706
12	40176306	0.129225
12	41042285	0.0795229
12	41952824	0.677932
12	42017686	0.0874752
12	42633736	0.645129
12	43220260	0.000994036
12	43637442	0.239563
12	43708380	0.167992
12	44232358	0.0168986
12	44299900	0.851889
12	47180934	0.0298211
12	47452341	0.00198807
12	47524884	0.275348
12	47735500	0.148111
12	48850910	0.0685885
12	49274072	0.507952
12	51402039	0.930417
12	52671254	0.347913
12	52732289	0.313121
12	53140663	0.701789
12	54951612	0.666998
12	55738427	0.197813
12	57771153	0.185885
12	58249243	0.304175
12	58638082	0.178926
12	59509020	0.78827
12	60822764	0.0715706
12	60965789	0.228628
12	61293469	0.00198807
12	62732091	0.184891
12	63901810	0.319085
12	64116159	0.485089
12	64756199	0.262425
12	65696970	0.276342
12	66886984	0.517893
12	70616839	0.445328
12	71887872	0.787276
12	72271979	0.0616302
12	72656061	0.180915
12	73580623	0.253479
12	74748775	0.0467197
12	75947644	0.464215
12	76661543	0.00894632
12	78986074	0.516899
12	80899399	0.272366
12	81049471	0.0984095
12	81128242	0.358847
12	83277316	0.115308
12	85009391	0.215706
12	85083256	0.738569
12	85526857	0.521869
12	87220089	0.743539
12	88709906	0.0487078
12	89673619	0.0646123
12	90327378	0.153082
12	90652912	0.000994036
12	91995524	0.0775348
12	92673669	0.764414
12	93691888	0.0775348
12	94418479	0.157058
12	97024189	0.491054
12	98313651	0.135189
12	99995011	0.628231
12	100984151	0.158052
12	103495151	0.506958
12	103786854	0.141153
12	105600935	0.187873
12	105809061	0.0168986
12	106724838	0.33002
12	110483175	0.102386
12	111670682	0.235586
12	112252649	0.00198807
12	113517571	0.00894632
12	114400816	0.00298211
12	115755506	0
12	116230062	0.535785
12	117330844	0.0964215
12	117943164	0.426441
12	118074271	0.137177
12	118946852	0.235586
12	119443891	0.281312
12	119515037	0.651093
12	120085962	0.845924
12	121045431	0.158052
12	123815654	0.949304
12	124843104	0.22664
12	125194596	0.579523
12	125255890	0.0318091
12	125437160	0.0308151
12	126031728	0.0805169
12	126542537	0.233598
12	127476192	0.172962
12	127977825	0.385686
12	129914524	0.00894632
12	130700107	0.102386
12	131169111	0.164016
12	131519976	0.0188867
12	132003924	0.651093
12	133839693	0.38171
13	20209229	0.124254
13	20709820	0.274354
13	21312766	0.143141
13	21799149	0.190855
13	22219062	0.0994036
13	22533434	0.00596421
13	22590897	0.9334
13	23552967	0.219682
13	25315664	0.287276
13	26669990	0.435388
13	26944492	0.00198807
13	27339783	0.698807
13	27867501	0.198807
13	27999457	0.199801
13	29256505	0.161034
13	30672179	0.000994036
13	31641565	0.568588
13	31763174	0.285288
13	32594429	0.0318091
13	33556000	0.00596421
13	33624553	0.676938
13	35310522	0.253479
13	36238035	0.0606362
13	36302201	0.806163
13	36369373	0
13	39420075	0.0337972
13	39886443	0.0357853
13	41278121	0.0159046
13	42098529	0.139165
13	43290922	0.0347913
13	44471983	0.50497
13	46414329	0.126243
13	48551920	0.0198807
13	48694730	0.187873
13	49313075	0.686879
13	50159165	0.590457
13	53764479	0.0397614
13	54375907	0.184891
13	55498715	0.861829
13	56152565	0.779324
13	58620938	0.251491
13	58689340	0.529821
13	60894203	0.412525
13	61655731	0.924453
13	62670009	0.394632
13	64001706	0
13	64755965	0.000994036
13	64953501	0.474155
13	67228119	1
13	68134671	0.0785288
13	68196572	0.93837
13	69195335	0.364811
13	70178061	0.128231
13	70520688	0.0526839
13	70721292	0.0864811
13	71846268	0.0168986
13	73654292	0.161034
13	73730549	0.494036
13	73944832	0.980119
13	74159570	0.276342
13	74310094	0.301193
13	74666946	0.621272
13	75227254	0.65507
13	75504546	0.280318
13	78545425	0.135189
13	80033764	0.0437376
13	81313057	0.0447316
13	81982181	0.517893
13	82416455	0.94334
13	83955005	0.619284
13	84886948	0.0198807
13	85225571	0.0536779
13	85296920	0.177932
13	85365099	0.77833
13	87686087	0.000994036
13	88085955	0.256461
13	88770442	0.119284
13	88843221	0.115308
13	89060355	0.000994036
13	89783381	0.978131
13	90731067	0.0636183
13	91503379	0.196819
13	91572636	0.0198807
13	92812514	0.525845
13	93132543	0.209742
13	93984669	0.2167
13	95911944	0.0298211
13	97499189	0.284294
13	98797401	0.0705765
13	99470990	0.239563
13	99539298	0.628231
13	100533880	0.054672
13	100969934	0.442346
13	101183282	0
13	101525269	0.00695825
13	102208542	0.794235
13	103499715	0.00298211
13	105451250	0.88171
13	106141952	0.406561
13	106392687	0.979125
13	108615603	0.505964
13	109084338	0.0815109
13	109523857	0.358847
13	112294615	0.878728
13	112808664	0.263419
13	112962633	0.0218688
13	113432165	0.0586481
13	113536467	0.250497
13	113819948	0.202783
14	20540257	0.0715706
14	22223502	0.341948
14	22660734	0.286282
14	22837758	0.0745527
14	23033488	0.0536779
14	24323140	0.127237
14	24394908	0.0397614
14	24932363	0.284294
14	26445434	0.0725646
14	28228855	0.00894632
14	28301623	0.781312
14	28513378	0.17495
14	29059048	0.0139165
14	31146905	0.0417495
14	31305197	0.346918
14	31449190	0.129225
14	33075243	0.520875
14	33147765	0.144135
14	33633155	0.0964215
14	35869791	0.0616302
14	36037687	0.00198807
14	37261090	0.223658
14	39111935	0.10338
14	39318321	0.324056
14	39667038	0
14	40965575	0.0626243
14	41518144	0.732604
14	45103712	0.232604
14	45382277	0.0656064
14	46626462	0.00497018
14	47784609	0.126243
14	47922676	0.393638
14	52835834	0.171968
14	53836643	0.00596421
14	54492146	0.0964215
14	55635323	0.10338
14	55988436	0.575547
14	56391127	0.00596421
14	58257515	0.00198807
14	58391797	0.196819
14	59079206	0.237575
14	59648420	0.0775348
14	61021891	0.60338
14	62328624	0.111332
14	62603546	0.115308
14	63835496	0.0735587
14	64343666	0.534791
14	65880621	0.45825
14	66519137	0.000994036
14	68199598	0.115308
14	68603731	0.790258
14	68766811	0.109344
14	69004042	0.230616
14	70794929	0.164016
14	70867934	0.0954274
14	72211948	0.586481
14	73541651	0.0178926
14	73844020	0.219682
14	74362935	0.102386
14	76065176	0.168986
14	77343692	0.0258449
14	77412065	0.270378
14	78038642	0.615308
14	78178947	0.415507
14	78468576	0.906561
14	78606993	0.256461
14	79100775	0.0854871
14	79617175	0.293241
14	81128903	0.0228628
14	86529551	0.413519
14	87260189	0.898608
14	87891966	0.0646123
14	88152814	0.255467
14	88424606	0.159046
14	88496081	0.162028
14	88696303	0.215706
14	88760692	0.209742
14	89424174	0.177932
14	89818914	0.176938
14	90607403	0.0606362
14	91019216	0.0884692
14	91157113	0.0526839
14	91734164	0.252485
14	92523786	0.223658
14	92992485	0.00198807
14	93256048	0.0636183
14	93327438	0.0914513
14	94201926	0.957256
14	94323978	0.673956
14	94632298	0.0675944
14	94906822	0.0874752
14	95018415	0.262425
14	96256471	0.27833
14	96448367	0.67495
14	96682783	0.294235
14	96894369	0.135189
14	98619868	0.195825
14	98792879	0.105368
14	98904960	0.962227
14	99018688	0.128231
14	99197967	0.0934394
14	99266231	0.171968
14	99392241	0.0715706
14	99718105	0.528827
14	101399787	0.569583
14	101529142	0.242545
14	101584142	0.872763
14	103076595	0.823062
14	103835128	0.699801
14	104038418	0.364811
14	104166783	0.217694
14	104624993	0.709742
14	104954376	0.61332
14	107171282	0.786282
15	23129027	0.110338
15	24257659	0.345924
15	24315868	0.0666004
15	24367547	0.17495
15	24417499	0.184891
15	24461695	0.667992
15	25908369	0.0328032
15	26151685	0.478131
15	26262096	0.578529
15	26443944	0.054672
15	28982127	0.0477137
15	31700985	0.00198807
15	33204419	0.287276
15	34291660	0.591451
15	35001752	0.640159
15	35069208	0.144135
15	35138500	0.00198807
15	35294435	0.205765
15	35825595	0.0606362
15	37646848	0.0864811
15	37710619	0.149105
15	39508200	0.0109344
15	39627146	0.0815109
15	42579686	0.999006
15	42645892	0.0477137
15	43972629	0.166998
15	44538660	0.996024
15	45526949	0.00198807
15	45688603	0.0526839
15	47206675	0
15	48178096	0.0516899
15	49506758	0.260437
15	51475652	0.16998
15	52759420	0.177932
15	53943440	0
15	55403672	0.924453
15	55465381	0.0745527
15	57388279	0.761431
15	57646861	0.700795
15	60476994	0.125249
15	60797128	0.000994036
15	61553374	0.991054
15	62077220	0.129225
15	62605621	0.544732
15	63641427	0.144135
15	63779752	0.693837
15	64358722	0.744533
15	66379744	0.198807
15	67634862	0.2167
15	68628601	0.842942
15	69481071	0.121272
15	69628947	0.99503
15	69854306	0.0218688
15	70127606	0.223658
15	70391638	0.647117
15	70598562	0.220676
15	71704609	0.77833
15	71774871	0.996024
15	74241749	0.204771
15	74952342	0.0785288
15	79051721	0.326044
15	79848929	0.492048
15	79916695	0.0407555
15	80581390	0.33499
15	80778586	0.0129225
15	83254070	0.479125
15	85428604	0.0874752
15	86207049	0.0477137
15	86376655	0.115308
15	86700316	0.403579
15	89094866	0.512922
15	89273097	0.026839
15	89449627	0.636183
15	89511981	0.293241
15	90867363	0.12326
15	91710038	0.691849
15	91897748	0.470179
15	92869283	0.249503
15	93555717	0.236581
15	93776485	0.55169
15	95611011	0.16004
15	96673900	0.0705765
15	97571833	0.802187
15	98310219	0.529821
15	98901916	0.27833
15	99215615	0.878728
15	99832891	0.0626243
15	100407427	0.138171
15	100707770	0.00198807
15	100955951	0.60338
15	101017490	0.523857
15	101900364	0.00994036
16	991002	0.370775
16	1173368	0.0536779
16	1485255	0.083499
16	1744736	0.0685885
16	3382058	0.770378
16	4766831	0.0228628
16	5499768	0.209742
16	5619469	0.621272
16	6266321	0.997018
16	6526273	0.402584
16	6858183	0.548708
16	6988871	0.143141
16	7015903	0.110338
16	7532478	0.539761
16	10433449	0.0526839
16	10704535	0.166004
16	10896769	0.0646123
16	11006543	0.582505
16	11288428	0.513916
16	11395915	0.180915
16	11450111	0.310139
16	11533043	0.028827
16	12452944	0.513916
16	12986597	0.536779
16	13888105	0.0636183
16	14051776	0.356859
16	15850912	0.0357853
16	15915724	0.16004
16	16879328	0.120278
16	17020134	0.625248
16	17280770	0.141153
16	17987625	0.0337972
16	18119013	0.0914513
16	19359642	0.463221
16	20545986	0.000994036
16	23303517	0.0506958
16	24027018	0.0178926
16	24310100	0.138171
16	24375802	0.520875
16	25285100	0.780318
16	25633443	0.104374
16	25699761	0.493042
16	26793098	0.61332
16	27034474	0.56163
16	29216321	0.000994036
16	31558110	0.0526839
16	31790668	0.0884692
16	34401335	0.0934394
16	46412650	0.425447
16	47974543	0.0457256
16	48821420	0.222664
16	49157100	0.271372
16	49370208	0.0129225
16	49984049	0.0447316
16	50047925	0.120278
16	50481811	0.0417495
16	52455456	0.0984095
16	52971779	0.822068
16	53188669	0.424453
16	53508507	0.459245
16	53659461	0.0228628
16	53736998	0.102386
16	54952312	0
16	55202592	0.117296
16	56327744	0.00695825
16	56552173	0.026839
16	56733874	0.0854871
16	57565469	0.816103
16	58086101	0.00894632
16	58227983	0.217694
16	58909324	0.245527
16	59501684	0.11829
16	59574268	0.290258
16	64348270	0.121272
16	65844795	0.281312
16	66034795	0.461233
16	66162454	0.0188867
16	68008679	0.00695825
16	69478082	0.000994036
16	70021457	0.404573
16	70167808	0.00298211
16	71965230	0.271372
16	72155580	0.136183
16	73009698	0.321074
16	74173179	0.507952
16	74300016	0.116302
16	74427366	0.120278
16	76276174	0.37674
16	77481986	0.370775
16	77587083	0.601392
16	78076222	0.384692
16	78649717	0.811133
16	79129543	0.435388
16	79167548	0.199801
16	79203866	0.0357853
16	80409383	0
16	80503223	0.243539
16	81035637	0.738569
16	81455658	0.0467197
16	81508633	0.00695825
16	81654451	0.0119284
16	82157889	0.838966
16	82292326	0.2167
16	82421716	0.00298211
16	82819444	0.329026
16	83262240	0.114314
16	83302526	0.0526839
16	83554505	0.0795229
16	85259223	0.447316
16	85932351	0.0606362
16	86075101	0.0984095
16	86117695	0.00198807
16	87361393	0.16501
16	87410826	0.105368
16	87669882	0.738569
16	87779664	0.0447316
16	87869540	0.233598
16	88362812	0.0715706
16	88651295	0.188867
16	89170679	0.761431
17	970601	0.940358
17	2324664	0.000994036
17	2456469	0.0606362
17	3078354	0.338966
17	3756724	0.558648
17	4602937	0.696819
17	4992114	0.474155
17	5199038	0.491054
17	5270712	0.22167
17	5406110	0.0328032
17	5737066	0.432406
17	6171630	0.342942
17	6420022	0.00994036
17	6560596	0.460239
17	9787936	0
17	10025825	0.306163
17	10219774	0.184891
17	10775044	0.996024
17	13542902	0.112326
17	15247523	0.415507
17	16859829	0.000994036
17	16992544	0.515905
17	17130237	0.73658
17	17742904	0.588469
17	18815547	0.162028
17	20459319	0.524851
17	21144074	0.543738
17	25714761	0.336978
17	26047381	0.581511
17	27610597	0.429423
17	28534469	0.444334
17	28924585	0.120278
17	29284214	0.0119284
17	30038259	0.122266
17	30316385	0.149105
17	31624706	0.299205
17	32802236	0.543738
17	32923347	0.184891
17	33832308	0.39662
17	33981704	0.801193
17	34198593	0.0477137
17	35338366	0.00497018
17	35901374	0.177932
17	36499795	0.196819
17	37004449	0.147117
17	38418212	0.10835
17	38718890	0.0119284
17	39081713	0.405567
17	39146734	0.371769
17	40480498	0.189861
17	43421720	0.119284
17	44242759	0.199801
17	45045894	0.494036
17	46010380	0.295229
17	47226651	0.275348
17	47374886	0.0646123
17	47916797	0.892644
17	49018764	0.0109344
17	49900684	0.00198807
17	50634521	0.180915
17	50701041	0.7833
17	51039815	0.498012
17	52030913	0.0168986
17	52928603	0.0636183
17	54095803	0.194831
17	55100114	0.44334
17	55871251	0.177932
17	57816578	0.194831
17	58589355	0.00198807
17	58983549	0.16004
17	60326449	0.130219
17	60709277	0.60835
17	62025238	0.33996
17	63276780	0.144135
17	63980599	0.136183
17	64690492	0.0745527
17	65171122	0.0228628
17	68927276	0.232604
17	70903286	0.470179
17	71352518	0.0596421
17	71607027	0.522863
17	72462466	0.441352
17	72974577	0.0119284
17	74103599	0.827038
17	74306274	0.0208748
17	74938488	0.272366
17	76933645	0.468191
17	77266813	0.644135
17	78037029	0.00198807
17	78634810	0.246521
17	78919131	0.281312
17	79020533	0.124254
17	79217478	0.455268
17	80084080	0.516899
18	369148	0.11829
18	630796	0.192843
18	826506	0.0188867
18	1531453	0.135189
18	2638079	0.126243
18	3101520	0.518887
18	4673119	0.104374
18	5255457	0.531809
18	6534934	0.560636
18	6729022	0.515905
18	7301170	0.0715706
18	8206173	0.50497
18	8575945	0.0735587
18	9714212	0.100398
18	9977469	0.00298211
18	10344914	0.395626
18	10714679	0.218688
18	12104380	0.243539
18	12317836	0.858847
18	13354105	0.00497018
18	13421467	0.672962
18	14293150	0.0894632
18	20647610	0.981113
18	20718897	0.234592
18	23138200	0.451292
18	24094016	0.431412
18	24174719	0.219682
18	24246324	0.0646123
18	24469653	0.249503
18	24537524	0.0417495
18	25002462	0.197813
18	25155168	0.125249
18	26127280	0.245527
18	26345969	0.198807
18	27141815	0.790258
18	27972066	0.298211
18	29700550	0.027833
18	30301116	0.308151
18	30620082	0.0725646
18	31100421	0.0636183
18	32097329	0.00198807
18	33599720	0.141153
18	34229142	0.0129225
18	35798082	0.475149
18	37575759	0.287276
18	37647852	0.642147
18	38509084	0.960239
18	39414215	0.10835
18	39705550	0.784294
18	40625780	0.0974155
18	45693972	0.12326
18	45833032	0.186879
18	46043029	0.0347913
18	47957890	0.581511
18	48434110	0.610338
18	48942264	0.777336
18	49955005	0.871769
18	50151945	0.951292
18	50216372	0.510934
18	50498354	0.122266
18	50688149	0.406561
18	51204980	0.587475
18	53577346	0.785288
18	55279262	0.205765
18	57704598	0.643141
18	59382077	0.0159046
18	60255742	0.0954274
18	61409858	0.979125
18	62223552	0.00298211
18	63497191	0.253479
18	66951620	0.00596421
18	67018798	0.920477
18	68140526	0.131213
18	68774209	0.486084
18	69640864	0.363817
18	70365058	0.00397614
18	70430094	0.126243
18	71137317	0.554672
18	74094506	0.162028
18	75005559	0.0815109
18	75126203	0.440358
18	75324205	0.414513
18	76072218	0.0914513
18	76286878	0.100398
18	77574374	0.161034
19	295847	0.489066
19	488391	0.0516899
19	4034206	0
19	4658607	0.145129
19	4781380	0.373757
19	5355331	0.702783
19	6370208	0.148111
19	6621851	0.309145
19	6739710	0.33499
19	7202049	0.301193
19	7264927	0.111332
19	7773933	0.695825
19	7897593	0.2167
19	8098940	0.21173
19	12482705	0.252485
19	12545425	0.279324
19	12824015	0.00994036
19	13682490	0.0417495
19	13746693	0.498012
19	14568691	0.200795
19	14952238	0.154076
19	15135741	0.422465
19	15683159	0.143141
19	16154910	0.630219
19	16549890	0.0526839
19	16759015	0.0457256
19	17842205	0.286282
19	18375035	0.271372
19	18708414	0.0168986
19	18978119	0
19	19393714	0.120278
19	19533880	0.0387674
19	20046102	0.0318091
19	20858625	0.252485
19	20925144	0.144135
19	21831057	0.0964215
19	22794881	0.0258449
19	23371470	0.852883
19	28893873	0.717694
19	29326179	0.104374
19	29866045	0.394632
19	29919576	0.558648
19	30099457	0.853877
19	30700193	0.214712
19	30916121	0.611332
19	32103145	0.0228628
19	34321992	0.477137
19	35852880	0.633201
19	36828217	0.383698
19	37162125	0.295229
19	37651470	0.134195
19	37732815	0.0347913
19	39430501	0.271372
19	40501915	0.000994036
19	40886187	0.00695825
19	43126969	0.0974155
19	43919808	0.219682
19	44279789	0.0506958
19	44437979	0.50497
19	45346069	0.00397614
19	46726745	0.512922
19	51685706	0.241551
19	53234323	0.318091
19	53389871	0.168986
19	53629844	0.180915
19	53813678	0.0258449
19	54562177	0.957256
19	54726226	0.899602
19	55147816	0.172962
19	55324171	0.00198807
19	55384356	0.802187
19	55994708	0.0666004
19	56350716	0.209742
19	57464875	0.00298211
19	57842974	0.718688
19	58279845	0.0149105
1	1032388	0.0457256
1	1323947	0.249503
1	2025441	0.000994036
1	2623326	0.848907
1	3227170	0.0755467
1	3644858	0.0775348
1	4235768	0.733598
1	4473263	0.153082
1	7095222	0.0626243
1	8228694	0.0238569
1	9139627	0.659046
1	10004882	0.912525
1	11252716	0.760437
1	11839435	0.998012
1	14197525	0.159046
1	15459546	0.000994036
1	16451413	0.967197
1	16869901	0.451292
1	17062016	0.682903
1	19308155	0.45825
1	19903728	0.0984095
1	20586380	0.671968
1	21143733	0.787276
1	21307744	0.135189
1	21830340	0.322068
1	24861049	0.000994036
1	25876340	0.0387674
1	28088583	0.0149105
1	28555426	0.362823
1	29491088	0.316103
1	29644184	0.119284
1	30064687	0.151093
1	30525681	0.400596
1	30773656	0.00994036
1	31255905	0.480119
1	32241227	0.459245
1	33538614	0.0119284
1	34141355	0.90159
1	34277722	0.686879
1	34486225	0.10338
1	35242436	0.196819
1	36851843	0.121272
1	37584326	0.0149105
1	40152676	0.534791
1	40447053	0.0407555
1	40987301	0.183897
1	42606766	0.196819
1	42757030	0.742545
1	46647972	0.999006
1	47386720	0.00596421
1	49127598	0.595427
1	52190145	0.00497018
1	53568099	0.206759
1	53845440	0.879722
1	54956262	0.0944334
1	56787384	0.33996
1	57627874	0.000994036
1	57767050	0.467197
1	58413084	0.461233
1	58853266	0.315109
1	62607616	0.00596421
1	63042126	0.694831
1	63285033	0.134195
1	64029606	0.470179
1	64647608	0.657058
1	64793352	0.00298211
1	65723174	0.275348
1	66129646	0.379722
1	66805270	0.0765408
1	67003458	0.125249
1	67287174	0.306163
1	67675883	0.000994036
1	68473073	0.777336
1	69786186	0.269384
1	72479322	0.107356
1	73106029	0.212724
1	73180606	0.00497018
1	73322657	0.959245
1	73763426	0.0238569
1	73837417	0.576541
1	74474583	0.351889
1	74699099	0.0467197
1	76689130	0.0795229
1	77130386	0.387674
1	77475915	0.460239
1	78694556	0.632207
1	79391605	0.535785
1	79589631	0.124254
1	80054305	0.168986
1	80270404	0.101392
1	80477722	0.0705765
1	80613801	0.550696
1	80946753	0.121272
1	81150907	0.167992
1	81341758	0.318091
1	81745893	0.215706
1	82136226	0.308151
1	83114950	0.05666
1	83550156	0.298211
1	84112765	0.476143
1	84324834	0.132207
1	84574282	0.533797
1	85203196	0.909543
1	85346224	0.101392
1	85488757	0.348907
1	86407018	0.143141
1	86478662	0.119284
1	86992947	0.0785288
1	91093014	0.636183
1	91699151	0.271372
1	91929916	0.10835
1	93179175	0.904573
1	94319732	0.0467197
1	94595597	0.251491
1	95048936	0.250497
1	95713758	0.115308
1	96395343	0.240557
1	96470185	0.44334
1	96847486	0.143141
1	96917491	0.285288
1	98407367	0.0606362
1	98774293	0.181909
1	99928109	0.0954274
1	100286952	0.62326
1	100612675	0.466203
1	101883032	0.38171
1	102411194	0.413519
1	102484197	0.0129225
1	104880306	0.10338
1	105046945	0.588469
1	105289465	0.253479
1	108582810	0.263419
1	108884883	0.368787
1	109804813	0.00397614
1	110334812	0.11829
1	111208422	0.695825
1	111795352	0.150099
1	111990736	0.236581
1	113042549	0.054672
1	113571836	0.678926
1	114057949	0.17495
1	114574233	0.848907
1	114705427	0.471173
1	117621281	0.261431
1	117765699	0.130219
1	119375130	0.375746
1	119446001	0.193837
1	119895261	0.0228628
1	143517337	0.368787
1	146652118	0.0427435
1	149065406	0.291252
1	151932375	0.923459
1	152764795	0.0407555
1	153140359	0.0407555
1	155940948	0.754473
1	160258242	0.50497
1	161559327	0.737575
1	161700231	0.878728
1	163717209	0.407555
1	164540861	0.180915
1	165150126	0.529821
1	165216783	0.117296
1	166660101	0.468191
1	168455065	0.10338
1	171396584	0.426441
1	171690238	0.0775348
1	171762125	0.196819
1	171915057	0.201789
1	173098695	0.0337972
1	173576971	0.00497018
1	173666177	0.189861
1	174488230	0.276342
1	175299301	0.718688
1	177780156	0.0397614
1	178924615	0.552684
1	179363275	0.101392
1	179428362	0.0994036
1	180530769	0
1	182040959	0.132207
1	182189739	0.462227
1	183371192	0.0964215
1	183610416	0.0318091
1	183765630	0.0467197
1	184205634	0.652087
1	185188793	0.348907
1	185761151	0.00894632
1	187250261	0.593439
1	189067463	0.520875
1	189802438	0.12326
1	190622633	0.836978
1	191106026	0.502982
1	193935950	0.204771
1	194349410	0.0795229
1	194542413	0.72664
1	195217561	0.142147
1	196126735	0.0536779
1	198288709	0.377734
1	198751393	0.117296
1	199741049	0.508946
1	199971363	0.845924
1	201080369	0.121272
1	201326838	0.181909
1	202027755	0.054672
1	202098078	0.333996
1	203487892	0.0337972
1	203989800	0.131213
1	204413748	0.774354
1	204625007	0.954274
1	204906600	0.10835
1	205334476	0.553678
1	205620895	0.251491
1	208072697	0.363817
1	208280881	0.807157
1	209999051	0.522863
1	210387562	0.368787
1	211002395	0.0129225
1	211142834	0.105368
1	212444904	0.0377734
1	213050887	0.821074
1	215012412	0.54672
1	215095955	0.00198807
1	215845310	0.267396
1	216049162	0.364811
1	216184427	0.635189
1	216674316	0.321074
1	217022299	0.139165
1	217356154	0.00894632
1	217415162	0.0129225
1	217474401	0.110338
1	219974057	0.0795229
1	221603142	0.0397614
1	222234225	0.0168986
1	222542529	0.850895
1	226000303	0
1	226367874	0.00695825
1	226602510	0.16501
1	227333175	0.00397614
1	227983336	0.0298211
1	228193931	0.0725646
1	229823966	0.259443
1	230594749	0.399602
1	232695646	0.0308151
1	232892425	0.0447316
1	233030248	0.00298211
1	234410343	0.0487078
1	234812041	0.166004
1	235160328	0.319085
1	237138582	0.152087
1	237481988	0.0208748
1	238157240	0.704771
1	238506357	0.26839
1	239569350	0.999006
1	241880580	0.0874752
1	243451405	0.541749
1	246308279	0.849901
1	246647966	0.33002
1	247267668	0.388668
1	247611413	0
1	248143743	0
1	248266382	0.000994036
1	248525330	0.177932
20	138620	0.337972
20	779237	0.150099
20	1405756	0.746521
20	1474481	0.0178926
20	1539350	0.859841
20	2024688	0.979125
20	2089036	0.489066
20	2631075	0.358847
20	2842102	0.4334
20	3638518	0.0904573
20	4188267	0.541749
20	4395778	0.355865
20	4532711	0.780318
20	5058088	0.547714
20	6336546	0.00894632
20	8407440	0.462227
20	10092626	0.000994036
20	11857213	0.779324
20	12577504	0.166004
20	12700976	0.131213
20	13492998	0.244533
20	13877161	0.419483
20	14523712	0.0457256
20	15747063	0.188867
20	18065024	0.115308
20	18721378	0.350895
20	19200608	0.0506958
20	20019147	0.027833
20	21934525	0.449304
20	23312692	0.00397614
20	24728125	0.326044
20	25280781	0.431412
20	25708759	0.0606362
20	31289047	0.757455
20	33971085	0.620278
20	34346502	0.146123
20	37152920	0.00198807
20	37294883	0.571571
20	37366096	0.366799
20	37820996	0.126243
20	39876567	0.111332
20	40784747	0.0328032
20	42554374	0.0129225
20	43265604	0.94831
20	43794070	0.161034
20	44228051	0.0874752
20	46280584	0.0815109
20	46404712	0.0357853
20	47047747	0.00198807
20	47341907	0.276342
20	47924908	0.130219
20	48924164	0.624254
20	49741474	0.16004
20	50062586	0.0407555
20	50328487	0.922465
20	51450612	0.000994036
20	52213648	0.826044
20	52628524	0.00994036
20	53609874	0.0168986
20	54372682	0
20	56052598	0.127237
20	56230137	0.0377734
20	56528352	0.0795229
20	58284254	0.00298211
20	59722734	0.117296
20	60130351	0.367793
20	60289603	0.0477137
20	60989365	0.321074
21	11138265	0.506958
21	15632001	0.565606
21	15954528	0.43837
21	16679853	0.00298211
21	16812630	0.423459
21	16940401	0.215706
21	17001763	0.751491
21	18431308	0.846918
21	18537161	0.255467
21	18583786	0.16004
21	19066540	0.349901
21	19491628	0.00695825
21	19563425	0.228628
21	19636897	0.130219
21	20246704	0.0516899
21	21212781	0.000994036
21	21848069	0.71173
21	21963752	0.500994
21	22135991	0.796223
21	22784738	0.274354
21	23536587	0.0596421
21	23932413	0.703777
21	24120742	0.999006
21	24253712	0.000994036
21	24389489	0.0675944
21	24456769	0.186879
21	24996901	0.178926
21	25300358	0.186879
21	28828764	0.342942
21	29694821	0.937376
21	29765916	0.227634
21	31186894	0.0934394
21	31249960	0.0109344
21	31381148	0.101392
21	33924375	0.112326
21	34517455	0.0705765
21	36689751	0.0914513
21	37377631	0.348907
21	38724829	0.162028
21	39731391	0.0616302
21	40080260	0.730616
21	40221279	0.73658
21	40350931	0.332008
21	40627020	0.411531
21	40828382	0.205765
21	41415044	0.457256
21	41601422	0.473161
21	41849478	0.193837
21	42356817	0.168986
21	42612880	0.146123
21	43161805	0.659046
21	44632427	0.000994036
21	44923645	0.0337972
21	45141115	0.696819
21	46252318	0.249503
21	46454595	0.306163
21	46905041	0.234592
21	46947477	0.55169
21	47718633	0.583499
22	17747278	0.136183
22	18237906	0.145129
22	19050878	0.40159
22	19535132	0.135189
22	19962769	0.870775
22	21560491	0.0258449
22	22534363	0.310139
22	23056273	0.286282
22	23103832	0.507952
22	23551151	0.000994036
22	24119331	0.00795229
22	25692224	0.370775
22	26190291	0.712724
22	27120203	0.0208748
22	27257220	0.0646123
22	27672797	0.0407555
22	29273028	0.0437376
22	29512730	0.054672
22	29934547	0.195825
22	31037602	0.576541
22	31336149	0.311133
22	32736667	0.2833
22	32860250	0.497018
22	34105222	0.468191
22	35997971	0.0904573
22	37070055	0.335984
22	37381343	0.248509
22	37509087	0.242545
22	37569796	0.850895
22	38071511	0.33002
22	38196837	0.874752
22	39264805	0.00397614
22	39894549	0.00596421
22	41374107	0.277336
22	43095457	0.892644
22	43540978	0.474155
22	45261328	0.751491
22	45858278	0.143141
22	45981504	0.431412
22	46591845	0.0984095
22	46657798	0.16004
22	46719357	0
22	46815928	0.0536779
22	47130782	0.604374
22	47613543	0.0228628
22	47774429	0.162028
22	48679288	0.248509
22	49467981	0.0805169
22	49560321	0.641153
22	50618066	0.0129225
2	258210	0.333996
2	854963	0.427435
2	1152946	0.982107
2	1810457	0.0526839
2	2191758	0.139165
2	2728385	0.0208748
2	3674077	0.158052
2	4169089	0.00198807
2	5859603	0.0636183
2	6334830	0.471173
2	6582822	0.161034
2	7164812	0.321074
2	7582762	0.132207
2	8093026	0.00198807
2	9918758	0.44334
2	10239208	0.10338
2	10739651	0.516899
2	10988517	0.162028
2	12043319	0.220676
2	12169010	0.11332
2	12930405	0.0407555
2	14350328	0.62326
2	15227430	0.22664
2	16176894	0.144135
2	18072528	0.308151
2	18145021	0.130219
2	18465890	0.110338
2	18529866	0.500994
2	19099097	0.813121
2	19514419	0.175944
2	19856960	0.83002
2	20042121	0.028827
2	23337884	0.241551
2	23544311	0.217694
2	24168188	0.428429
2	25100738	0.394632
2	25956445	0.279324
2	26960055	0.131213
2	28145313	0.0616302
2	28481632	0.0954274
2	29436633	0.454274
2	29698164	0.897614
2	29823352	0.737575
2	30342750	0.601392
2	30741913	0.806163
2	30941795	0.837972
2	32192141	0.11332
2	33098558	0.0715706
2	33228292	0.353877
2	34142201	0.437376
2	34644214	0.249503
2	35557894	0.000994036
2	36870416	0.122266
2	37235324	0.338966
2	37302180	0.364811
2	38524487	0.361829
2	38993777	0.873757
2	40927841	0.420477
2	42442163	0
2	42497913	0.284294
2	45542306	0.313121
2	45803035	0.50497
2	46400604	0.747515
2	47119806	0.316103
2	48040784	0.00397614
2	48744928	0.111332
2	48861343	0.189861
2	51326497	0.385686
2	52346248	0.0656064
2	52644607	0.083499
2	52808561	0.333002
2	54584738	0.88171
2	54844970	0.156064
2	55034113	0.885686
2	56108333	0.307157
2	56622818	0.492048
2	57247562	0.117296
2	57306578	0.00497018
2	57479702	0.185885
2	57718298	0.000994036
2	58892049	0.124254
2	59433022	0.785288
2	59896923	0.779324
2	60538243	0.607356
2	60739061	0.389662
2	64820733	0.27336
2	65448897	0.326044
2	66414782	0.194831
2	67608838	0.124254
2	69361621	0.0805169
2	70459227	0.38668
2	71214755	0.228628
2	71270035	0.420477
2	71469011	0.920477
2	72339870	0.204771
2	73419367	0.28827
2	75458058	0.0805169
2	75979892	0.0974155
2	76363928	0.225646
2	76760870	0.755467
2	77367890	0.258449
2	78459643	0.0675944
2	80053619	0.00795229
2	81104506	0.50497
2	81230361	0.248509
2	81851587	0.122266
2	82124086	0.352883
2	83762070	0.553678
2	83841825	0.0516899
2	86923434	0.658052
2	87291652	0.0785288
2	89833145	0.0596421
2	98393894	0.39165
2	99379459	0.525845
2	101104652	0.0695825
2	101303625	0.151093
2	102431663	0.0586481
2	102511761	0.0109344
2	102984624	0.402584
2	103335754	0.105368
2	103561126	0.157058
2	103633789	0.0208748
2	104127109	0.492048
2	106012413	0.0487078
2	107219263	0.937376
2	107951720	0.583499
2	108536524	0.758449
2	110278197	0.0248509
2	112400825	0.000994036
2	113608823	0.287276
2	114479646	0.138171
2	115063111	0.423459
2	116825042	0.00497018
2	117094197	0.0636183
2	117894381	0.790258
2	118019225	0.16004
2	118160828	0.33002
2	118350241	0.244533
2	118406824	0.0536779
2	119631220	0.126243
2	119886918	0.332008
2	121001451	0
2	121835283	0.186879
2	122665583	0.265408
2	123332354	0.666998
2	123973769	0.307157
2	124095615	0.676938
2	124275175	0.346918
2	125083298	0.408549
2	125551558	0.0427435
2	126169657	0.299205
2	126766935	0.228628
2	126839337	0.156064
2	127517228	0.362823
2	128110082	0.253479
2	128660235	0.00894632
2	130179831	0.686879
2	132766337	0.0616302
2	133435305	0.583499
2	133506387	0.111332
2	133644246	0.408549
2	134783395	0.111332
2	135053117	0.661034
2	135342391	0.410537
2	135576890	0.026839
2	138071239	0.0417495
2	138622180	0.841948
2	139499973	0.973161
2	139919694	0.463221
2	141627898	0.605368
2	142075788	0.594433
2	142199474	0.0536779
2	143249298	0.150099
2	143692887	0.00497018
2	143916311	0.374751
2	144062815	0.133201
2	145186749	0.455268
2	146573408	0.908549
2	151320822	0.124254
2	151835317	0.654076
2	152135415	0.0526839
2	152892606	0.699801
2	153345413	0.0666004
2	154993640	0.0586481
2	155364830	0.459245
2	159061166	0.238569
2	159615541	0.287276
2	162352888	0.897614
2	162432494	0.0994036
2	162741508	0.0974155
2	163036308	0.0208748
2	165050549	0.171968
2	165999040	0.214712
2	167331603	0.518887
2	168224154	0.900596
2	168848831	0.520875
2	169352260	0.911531
2	169634963	0.0994036
2	170479662	0.0864811
2	170778696	0.530815
2	173248951	0.17992
2	174831023	0.323062
2	175079597	0.500994
2	177804944	0.512922
2	178551511	0.10338
2	178697529	0.136183
2	179639297	0.991054
2	180261951	0.0636183
2	181271753	0.27833
2	181409601	0.198807
2	181917754	0.287276
2	182441862	0.213718
2	183052913	0.550696
2	184365753	0.106362
2	184503365	0.534791
2	187104885	0.0586481
2	188539571	0.989066
2	191294529	0.428429
2	192163406	0.583499
2	192678266	0.0944334
2	192986104	0.0715706
2	193219056	0.100398
2	194228442	0.675944
2	194463663	0.915507
2	195671235	0.889662
2	198561735	0.217694
2	204173571	0.964215
2	206071402	0.125249
2	209057517	0.00397614
2	209622211	0.101392
2	209944440	0.44334
2	210375378	0.918489
2	214003871	0.538767
2	216300795	0.503976
2	216523201	0.0437376
2	216886889	0.66501
2	216959230	0.298211
2	218711738	0.372763
2	219420694	0.00198807
2	220612810	0.590457
2	221166863	0.257455
2	222064941	0.254473
2	222267191	0.416501
2	222407442	0.536779
2	223873299	0.209742
2	224009048	0.849901
2	225131678	0.815109
2	228104454	0.814115
2	229252098	0.167992
2	231425650	0.11332
2	232507685	0.117296
2	232985546	0.0775348
2	233937896	0.114314
2	234574613	0.0218688
2	234829120	0.0944334
2	235648975	0.449304
2	236394141	0.558648
2	238554999	0.539761
2	239798594	0.508946
2	239941638	0.284294
2	241005516	0.347913
2	242327076	0.139165
2	242759777	0.66998
3	259457	0.084493
3	3030223	0.346918
3	3089219	0.247515
3	3533727	0.796223
3	3979796	0.664016
3	5094952	0.507952
3	5325924	0.656064
3	5433969	0.112326
3	5934444	0.806163
3	7428082	0.151093
3	7954629	0.135189
3	8817758	0.163022
3	8882406	0.0347913
3	9274068	0.446322
3	9553006	0.0795229
3	10132460	0.141153
3	10320968	0.486084
3	10448426	0.528827
3	13150039	0.0815109
3	13715876	0.244533
3	14309514	0
3	14428788	0.908549
3	14826422	0.351889
3	15173371	0.0526839
3	16161153	0.157058
3	16845144	0.286282
3	18517403	0.243539
3	18597255	0
3	19253068	0
3	19616897	0.222664
3	19823532	0.248509
3	21307401	0.0427435
3	22173759	0.88668
3	22718898	0.545726
3	22833761	0.857853
3	23158915	0.296223
3	24086300	0.22167
3	24275702	0.0656064
3	24747610	0.166004
3	24933191	0.427435
3	25147501	0.405567
3	25880631	0.833996
3	27095656	0.232604
3	27301586	0.274354
3	27444392	0.359841
3	27645090	0.34493
3	30857228	0.173956
3	32012756	0.00397614
3	32157107	0.326044
3	34052342	0.442346
3	34861338	0
3	35278145	0.128231
3	36148763	0.362823
3	36212748	0
3	37018991	0.43837
3	37485641	0.244533
3	37628954	0.647117
3	38085448	0.16501
3	39268725	0.351889
3	41136285	0.532803
3	43010683	0
3	43605688	0.695825
3	45653577	0
3	46468813	0.00298211
3	46851007	0.0149105
3	47090661	0
3	48293524	0.290258
3	49539401	0.333002
3	50637469	0.875746
3	50987194	0.858847
3	53066268	0
3	54476770	0.141153
3	55107944	0.150099
3	55171127	0.312127
3	55363997	0
3	58049891	0.39662
3	58324283	0.0854871
3	61725220	0.801193
3	62841521	0.173956
3	64462678	0.749503
3	64780788	0.464215
3	64964661	0.858847
3	65307541	0.0576541
3	66134038	0.117296
3	66853608	0.380716
3	68464042	0.196819
3	69648484	0.472167
3	71907532	0.843936
3	72361157	0.99006
3	73821584	0.00795229
3	74082903	0.173956
3	74608447	0.000994036
3	75594495	0.411531
3	75996625	0.00198807
3	76539092	0.354871
3	76682820	0.235586
3	78280919	0.908549
3	79449839	0.38171
3	79738599	0.56163
3	80536788	0.722664
3	83849641	0.101392
3	84261341	0.156064
3	85950384	0.0208748
3	88296807	0.852883
3	89649439	0.0387674
3	95005277	0.922465
3	95184863	0.455268
3	95313570	0.508946
3	95373871	0
3	95498844	0.409543
3	96805038	0.0735587
3	96880241	0.127237
3	97469435	0.264414
3	97790565	0.541749
3	97846458	0.529821
3	98109873	0.00198807
3	98306216	0.532803
3	98594902	0.16501
3	100827338	0.106362
3	103299709	0.0755467
3	103361353	0.347913
3	104178878	0.812127
3	104326460	0.328032
3	104777973	0.511928
3	105280205	0.468191
3	105488076	0.224652
3	106159393	0.33002
3	106725717	0.440358
3	106795695	0.925447
3	107720228	0.0586481
3	107868661	0.107356
3	109439443	0.166004
3	110166084	0.0188867
3	111529928	0.00994036
3	113004155	0.157058
3	115358824	0.219682
3	115728651	0.349901
3	116102745	0.0656064
3	116246864	0.257455
3	116651981	0.502982
3	116990816	0.2833
3	117056941	0.785288
3	117460638	0.141153
3	118669017	0.083499
3	119016198	0.00298211
3	119372164	0.432406
3	120359421	0.0944334
3	121020169	0.0447316
3	121712980	0.705765
3	121871331	0.776342
3	122854935	0.193837
3	123583879	0.789264
3	124202107	0.178926
3	125459083	0.0755467
3	125493356	0.708748
3	126641756	0.0377734
3	127860479	0.114314
3	129272696	0.00198807
3	131354616	0.137177
3	131690170	0.306163
3	132052401	0.0705765
3	132512280	0.254473
3	132937947	0.37674
3	137160213	0.564612
3	137682900	0.644135
3	137836353	0.651093
3	140138554	0.0367793
3	140415361	0.0248509
3	140634101	0.125249
3	141128804	0.314115
3	144590263	0.0954274
3	144660477	0.528827
3	144944044	0.787276
3	145495730	0.0775348
3	146257393	0.258449
3	147302194	0.251491
3	147862402	0.341948
3	148302338	0.0914513
3	148818772	0.0109344
3	149379353	0.166998
3	149767539	0.0974155
3	149839729	0.000994036
3	151140556	0.853877
3	153242983	0.0984095
3	153889601	0.522863
3	155758614	0.0785288
3	156908720	0.256461
3	156991097	0.258449
3	158168585	0.05666
3	158247007	0.0874752
3	158557459	0.21173
3	159137759	0.468191
3	160220716	0.180915
3	160681614	0.249503
3	160836700	0.487078
3	163216268	0.0417495
3	163513470	0.878728
3	163660882	0.209742
3	164196906	0.143141
3	164341382	0.258449
3	165612909	0.0954274
3	167870265	0.0924453
3	170223550	0.05666
3	171827336	0.0387674
3	172046933	0.469185
3	172846749	0.122266
3	173158103	0.230616
3	174123537	0.526839
3	174352297	0.171968
3	174490143	0.584493
3	175200194	0.440358
3	176021945	0.629225
3	176373380	0.684891
3	176926429	0.535785
3	177276418	0.49006
3	178444271	0.645129
3	178750644	0.755467
3	178911975	0.055666
3	180648682	0.132207
3	181940645	0.124254
3	183089760	0.083499
3	183730116	0
3	184485841	0.0586481
3	186000722	0.206759
3	187139513	0.959245
3	188646633	0.000994036
3	189778883	0.214712
3	189900554	0.0447316
3	190695356	0.0308151
3	191176545	0.725646
3	191792018	0.0854871
3	192907683	0.826044
3	193684005	0.0944334
3	193744854	0.567594
3	194064402	0.000994036
3	194251804	0.77336
3	194308765	0.0755467
3	194363175	0.173956
3	194666803	0.0208748
3	194776943	0.17495
3	195232655	0.055666
3	195597549	0.803181
3	195724614	0.0397614
3	196045555	0.461233
3	196247440	0.423459
3	196948655	0.746521
3	197258289	0.319085
3	197884429	0.162028
4	506372	0.000994036
4	726322	0.301193
4	1254930	0.893638
4	1310448	0.0139165
4	1560645	0.0447316
4	2358232	0.366799
4	2669409	0.0318091
4	3928134	0.308151
4	4079124	0.0815109
4	4120743	0.527833
4	5525378	0
4	7216154	0.395626
4	7876390	0.452286
4	8291102	0.375746
4	8697488	0.11829
4	8792701	0.406561
4	8868171	0
4	9093536	0.166998
4	9418944	0.000994036
4	9979279	0.505964
4	11115352	0.0318091
4	11490786	0.452286
4	11549298	0.729622
4	11836893	0.112326
4	12793585	0.301193
4	13927930	0.0149105
4	15499251	0.480119
4	16298575	0.248509
4	16862164	0.274354
4	16930525	0.0765408
4	18324844	0.456262
4	19521505	0.78827
4	21117046	0.110338
4	21375450	0.00994036
4	21637244	0.126243
4	22176328	0.192843
4	24340511	0.181909
4	27620640	0.0447316
4	29924629	0.0159046
4	30604773	0.188867
4	32454478	0.0626243
4	34107879	0.107356
4	34868958	0.341948
4	35366128	0.0974155
4	35602061	0.159046
4	35718067	0.375746
4	35852682	0.810139
4	36131060	0.380716
4	37004743	0.351889
4	37557342	0.450298
4	38235883	0.520875
4	38578137	0.0119284
4	38979682	0.000994036
4	39129844	0.576541
4	39829849	0.287276
4	41320231	0.375746
4	42618822	0.280318
4	42751332	0.202783
4	43892682	0.0387674
4	44577166	0.0745527
4	46027834	0.428429
4	46709927	0.140159
4	47480558	0.0298211
4	54243141	0.140159
4	54462212	0.111332
4	54596795	0.0258449
4	55096270	0.276342
4	55769394	0
4	56158891	0.0238569
4	56519241	0.487078
4	58144650	0
4	58720485	0.470179
4	60006819	0.628231
4	60064254	0.654076
4	61226168	0.00695825
4	62032070	0.304175
4	62172534	0.799205
4	62313287	0.998012
4	62390461	0.729622
4	62610696	0.0208748
4	63537123	0.141153
4	63769930	0.312127
4	64668641	0.341948
4	64796557	0.60835
4	65869002	0.141153
4	66382876	0.17992
4	66513573	0.579523
4	66961462	0.126243
4	68043486	0.524851
4	68243568	0.887674
4	68468228	0.467197
4	68690277	0.177932
4	69610004	0.244533
4	69952082	0.514911
4	70171938	0.471173
4	70765008	0.625248
4	71013320	0.997018
4	71079513	0.275348
4	71213394	0.145129
4	73492494	0.000994036
4	73552093	0.0536779
4	73679419	0.10338
4	73733122	0.366799
4	75370215	0.0536779
4	75977301	0.470179
4	76514614	0.400596
4	78250309	0.21173
4	79518887	0.00298211
4	79982533	0.833996
4	80769324	0.764414
4	81545638	0.00894632
4	82942076	0.311133
4	83241134	0.219682
4	84201479	0.967197
4	85273310	0
4	86116461	0.16998
4	86690079	0.998012
4	87238031	0.298211
4	87955544	0.183897
4	88102967	0.230616
4	88252573	0
4	90100948	0.609344
4	90573045	0.0765408
4	90721637	0.299205
4	91001043	0.554672
4	92266330	0
4	92784430	0.0258449
4	94069057	0.000994036
4	95307175	0.447316
4	96168719	0.329026
4	96581564	0.549702
4	96892392	0.0298211
4	97422013	0.195825
4	97554263	0.477137
4	97921253	0.172962
4	99991642	0.0964215
4	100062466	0.277336
4	100301241	0.206759
4	100533913	0.0994036
4	102509402	0.860835
4	103377005	0.206759
4	103757641	0.492048
4	104274018	0.0427435
4	104740652	0.379722
4	105858508	0.16501
4	105938179	0.584493
4	106318207	0.459245
4	106527165	0.0675944
4	106765915	0.0715706
4	108228806	0.00298211
4	108830476	0.27833
4	109225926	0.00894632
4	111211234	0.141153
4	112246738	0.732604
4	112865123	0.0129225
4	114089743	0.125249
4	114164585	0.450298
4	115216911	0.00695825
4	115654365	0.633201
4	115727643	0.111332
4	115871031	0.650099
4	116952614	0.480119
4	117301183	0.00497018
4	117429916	0.464215
4	117493204	0.293241
4	117616344	0.185885
4	117909549	0.0705765
4	118340506	0.210736
4	119624641	0.371769
4	119704744	0.333002
4	119918448	0.00198807
4	121296151	0.714712
4	121436033	0.424453
4	122199104	0.409543
4	122617688	0.139165
4	125199539	0.0318091
4	125558866	0.0755467
4	125775711	0.0964215
4	126940603	0.682903
4	127341052	0.130219
4	128150332	0.892644
4	128950238	0.670974
4	129443161	0.712724
4	130940921	0.646123
4	131277455	0.22167
4	131804615	0.349901
4	132456338	0.2167
4	133042575	0.493042
4	133249614	0.213718
4	134022957	0.447316
4	136072657	0.312127
4	136415590	0.258449
4	136804680	0.764414
4	137494323	0.236581
4	138642592	0.217694
4	140562182	0.121272
4	143282778	0.379722
4	144028568	0.355865
4	144706639	0.347913
4	149572193	0.202783
4	150375347	0.841948
4	150829872	0.449304
4	151035926	0.411531
4	152321881	0.571571
4	153532240	0.17992
4	153970294	0.753479
4	154401582	0.0675944
4	155916134	0.027833
4	156054738	0.518887
4	156121736	0
4	157365984	0.694831
4	158687138	0.538767
4	158758849	0.807157
4	160157642	0.580517
4	160233232	0.571571
4	160906981	0.181909
4	161987951	0.217694
4	164216739	0.284294
4	164645477	0.119284
4	164992023	0.00596421
4	165061164	0.82008
4	165122509	0.0785288
4	165268669	0.0258449
4	165548634	0.00198807
4	166574759	0.84493
4	167322741	0.0457256
4	167465716	0.0705765
4	167537183	0.0576541
4	169404302	0.149105
4	170130214	0.0228628
4	171299485	0.967197
4	171634823	0.0337972
4	172408167	0.171968
4	172542643	0.681909
4	174834295	0.233598
4	175264703	0.0775348
4	175480636	0.33499
4	175622590	0.779324
4	175832662	0.575547
4	177227998	0.244533
4	177857218	0.946322
4	177998168	0.180915
4	178426044	0.279324
4	179369002	0.364811
4	180932666	0.00795229
4	181945567	0.0407555
4	182068097	0.410537
4	182311061	0.746521
4	182369214	0.11829
4	183737933	0.998012
4	183928174	0.809145
4	184974235	0.415507
4	185424511	0.0815109
4	185811189	0.00198807
4	185981730	0.00198807
4	186658780	0.156064
4	187413194	0.403579
4	188529342	0.675944
4	188800733	0.122266
4	188863191	0.636183
4	189251165	0.178926
4	189897845	0.207753
4	190402838	0.0944334
4	190526823	0.311133
5	304462	0.145129
5	1066739	0.467197
5	1652224	0.084493
5	3539652	0.171968
5	6567922	0.767396
5	7242819	0.382704
5	8195096	0.0656064
5	8535527	0.547714
5	10002720	0.356859
5	10067486	0.0894632
5	11822748	0.12326
5	12472314	0.382704
5	12824619	0.082505
5	13926197	0.704771
5	14390577	0.0964215
5	14520036	0.416501
5	16021557	0.17992
5	16981743	0.265408
5	17382703	0.389662
5	18142966	0.61332
5	19001898	0.484095
5	19072329	0.37674
5	19143429	0.361829
5	19302090	0.478131
5	20800122	0.978131
5	21861582	0.0795229
5	23098416	0.0109344
5	24554171	0.15507
5	24884404	0.186879
5	25631478	0.640159
5	26368149	0.867793
5	26622364	0.0576541
5	27955741	0.535785
5	28093125	0.56163
5	28507234	0.355865
5	29334117	0.472167
5	30825689	0.171968
5	33108686	0.12326
5	33596224	0.550696
5	34570537	0.180915
5	35129621	0.082505
5	36201336	0.972167
5	36555055	0.749503
5	36781051	0.419483
5	37800221	0.505964
5	39118413	0.240557
5	39456098	0.00695825
5	40247047	0.218688
5	40951368	0.188867
5	41148125	0.182903
5	41825798	0.305169
5	41988664	0.0636183
5	43718220	0.0854871
5	43952084	0.0715706
5	45538384	0.740557
5	49687465	0.445328
5	50075654	0.12326
5	50216352	0.394632
5	51123251	0.139165
5	51518141	0.142147
5	52062052	0.351889
5	53635364	0.662028
5	53704541	0.0447316
5	53914809	0.151093
5	54190247	0.0228628
5	54931106	0.604374
5	55079518	0.116302
5	55579789	0.209742
5	56074451	0.7167
5	56664596	0.464215
5	60308836	0.124254
5	61385606	0.136183
5	61782110	0.581511
5	62552497	0.10338
5	62694441	0.757455
5	63036898	0.682903
5	63783781	0.467197
5	64902292	0.0596421
5	65065028	0.582505
5	65662467	0.106362
5	66161010	0.643141
5	66737802	0.240557
5	66962521	0.0526839
5	71387306	0.615308
5	73092269	0.0457256
5	73303169	0.500994
5	74904326	0.125249
5	75720649	0.494036
5	75940274	0.666004
5	76372709	0.297217
5	77931536	0.000994036
5	78828196	0.372763
5	79619755	0.0308151
5	80500967	0.157058
5	80575775	0.210736
5	80723693	0.255467
5	82001631	0.257455
5	82361374	0.460239
5	82508576	0.572565
5	82831359	0.225646
5	83199000	0.293241
5	83982004	0.361829
5	84885351	0.0139165
5	85228018	0.61332
5	86803812	0.156064
5	87290221	0.147117
5	87368073	0.76342
5	88924503	0.640159
5	90835224	0.240557
5	91064360	0.382704
5	94006802	0.0606362
5	95877665	0.642147
5	96393085	0.356859
5	96464878	0.430418
5	96733853	0.525845
5	97015988	0.107356
5	98676531	0.233598
5	100575164	0.602386
5	101128989	0.713718
5	103924699	0.304175
5	105921679	0.472167
5	106935614	0.49006
5	108060101	0.0974155
5	108531305	0.122266
5	109253683	0.0447316
5	111227702	0.530815
5	112016025	0.291252
5	113496557	0.333002
5	113558335	0.845924
5	113622874	0.161034
5	114249837	0.0666004
5	114419303	0
5	115082586	0.00397614
5	115639978	0.0994036
5	116126220	0.644135
5	118853360	0.351889
5	120592185	0.439364
5	121074025	0.0367793
5	121391483	0.171968
5	122238387	0.681909
5	122882380	0.583499
5	123024520	0.389662
5	125585574	0.62326
5	126133293	0.332008
5	127057148	0.0109344
5	127601136	0.00198807
5	128198263	0.412525
5	128268601	0.298211
5	128395927	0.822068
5	129174140	0.900596
5	129248302	0.905567
5	129618633	0.083499
5	131187826	0.784294
5	131783213	0.774354
5	132401730	0.263419
5	133531028	0.790258
5	134689300	0.0437376
5	134833869	0.249503
5	136420127	0.0238569
5	139147683	0.866799
5	140992235	0.480119
5	142203207	0.0646123
5	142877286	0.435388
5	143919661	0.243539
5	144114347	0.428429
5	144811059	0.252485
5	145512390	0.265408
5	145734986	0.142147
5	147105672	0.177932
5	149963185	0.398608
5	150534919	0.587475
5	150673848	0.00397614
5	150739932	0.387674
5	152120504	0.383698
5	152405169	0.405567
5	152621984	0.0964215
5	152748516	0.641153
5	153107480	0.478131
5	155208788	0.0526839
5	156112766	0.00397614
5	156330661	0.133201
5	157933592	0.220676
5	158535041	0.175944
5	158782068	0.850895
5	159639906	0.0526839
5	160196659	0.151093
5	161859854	0.158052
5	162759554	0.764414
5	164444398	0
5	165700298	0.384692
5	166970306	0.0119284
5	167117853	0.282306
5	168310585	0.16004
5	168702502	0.296223
5	168918606	0.407555
5	169542281	0.188867
5	170212127	0.0656064
5	170802443	0.379722
5	171557395	0.236581
5	171828573	0.275348
5	172498259	0.725646
5	173125293	0.0238569
5	174057150	0.131213
5	174190130	0.777336
5	174652439	0.026839
5	176003960	0.927435
5	178269126	0.707753
5	178453837	0.223658
5	178526105	0.368787
5	179258901	0.507952
5	179765467	0.612326
5	180068239	0.244533
5	180320867	0.270378
6	580323	0.415507
6	1281235	0.0218688
6	2068725	0.0109344
6	2926077	0
6	3828230	0.76342
6	3894981	0
6	4435289	0.518887
6	5016475	0.884692
6	5087422	0.0884692
6	5952667	0.594433
6	6611909	0.0864811
6	8215963	0.310139
6	9328847	0.642147
6	9744561	0.208748
6	10419163	0
6	11821628	0.0477137
6	13181008	0.0119284
6	14745282	0.890656
6	15237449	0.272366
6	15985534	0.424453
6	16298866	0.00795229
6	16807092	0.229622
6	16956041	0.17495
6	17378471	0.576541
6	17588158	0.2167
6	19397061	0.0934394
6	19592564	0.0994036
6	20992970	0.929423
6	21154412	0.236581
6	23148266	0.367793
6	23801251	0.322068
6	24086836	0.541749
6	24685021	0.661034
6	25545151	0.44334
6	26270961	0.159046
6	26566368	0.109344
6	29675676	0.695825
6	29839502	0.0596421
6	29885774	0.73161
6	29918538	0.0805169
6	30092707	0.761431
6	30229694	0.246521
6	31087310	0.720676
6	31307715	0.193837
6	31336960	0.115308
6	32410716	0.455268
6	32491945	0.770378
6	32523581	0.601392
6	32552134	0.306163
6	32579549	0.728628
6	32602430	0.264414
6	32628084	0.0884692
6	32649180	0.100398
6	33080360	0.0347913
6	33730095	0.27833
6	33796109	0.0457256
6	34864646	0.0377734
6	35620627	0.200795
6	36068303	0.0874752
6	36356002	0.550696
6	36710269	0.22167
6	36910017	0.239563
6	37100772	0.512922
6	39162806	0.0159046
6	39281456	0.124254
6	40174808	0.277336
6	40494855	0.485089
6	44665034	0.798211
6	44730395	0.581511
6	45176540	0.872763
6	45397050	0.464215
6	47104856	0.617296
6	47518939	0.688867
6	47849551	0.677932
6	49287716	0.609344
6	49419864	0.333002
6	50035034	0.0745527
6	51224727	0.217694
6	52028725	0.0298211
6	52163964	0.563618
6	52539268	0.781312
6	53206499	0.207753
6	54642652	0.05666
6	56304126	0.0606362
6	56386814	0.72167
6	57588996	0.205765
6	58035085	0.0606362
6	58742565	0.200795
6	62197601	0.0606362
6	62281811	0.132207
6	63020939	0.125249
6	63145528	0.853877
6	65082399	0.7167
6	65149347	0
6	65403943	0.776342
6	65538168	0.405567
6	66073433	0.424453
6	66408475	0.615308
6	66534214	0.150099
6	66913681	0.55169
6	67217053	0.959245
6	67455466	0.127237
6	67573539	0.430418
6	68505832	0.411531
6	68893545	0.45825
6	70298145	0.803181
6	70364881	0.0795229
6	70443883	0.432406
6	70970115	0.0934394
6	71164013	0.153082
6	71674547	0.126243
6	72501165	0.274354
6	72710793	0.144135
6	73219047	0.166998
6	73917645	0.468191
6	74632297	0.664016
6	74764272	0.5666
6	74900425	0.538767
6	75085873	0.0944334
6	75415209	0.0168986
6	75550236	0.142147
6	76867534	0.568588
6	76925132	0.818091
6	77158764	0.0854871
6	77684060	0.361829
6	78034526	0.28827
6	78407597	0.177932
6	79014592	0.851889
6	79148644	0.380716
6	80294218	0.11332
6	80723229	0.148111
6	81207262	0.0586481
6	81557836	0.212724
6	82837711	0.17992
6	83281761	0.0367793
6	83800898	0.143141
6	85870792	0.2167
6	86062148	0.89165
6	86822565	0.00298211
6	88443876	0.880716
6	89886923	0.299205
6	90950736	0.627237
6	93692672	0.534791
6	95965656	0
6	96268009	0.62326
6	96397261	0.49503
6	96538609	0.357853
6	97120356	0.333996
6	97202102	0.213718
6	97756290	0.284294
6	98498892	0.470179
6	100279683	0.32008
6	103653760	0.0377734
6	104266857	0.084493
6	105519194	0.850895
6	105665214	0.114314
6	106781896	0.667992
6	106848210	0.658052
6	107326433	0.352883
6	108079834	0.199801
6	108786063	0.469185
6	109031563	0.185885
6	110443385	0.0218688
6	112298599	0.0328032
6	112368578	0.147117
6	113367106	0.789264
6	114382016	0.135189
6	115683039	0
6	115834247	0.686879
6	118382684	0.000994036
6	118840039	0.212724
6	119590609	0.475149
6	120896898	0.260437
6	120970888	0.188867
6	121046310	0.398608
6	121114267	0.253479
6	121187812	0.346918
6	121256344	0.26839
6	122380054	0.026839
6	123567474	0
6	124993647	0.0427435
6	125438073	0.510934
6	127121564	0.492048
6	129311737	0.146123
6	130056073	0.126243
6	130620680	0.181909
6	131175997	0.173956
6	133144449	0.0586481
6	133941472	0.680915
6	134472610	0.183897
6	135946439	0.372763
6	136535057	0.00596421
6	137312547	0.989066
6	137521374	0.00695825
6	137988709	0.0924453
6	138122262	0.879722
6	139598319	0.162028
6	139805792	0
6	139951585	0.659046
6	141564290	0.670974
6	143097355	0.668986
6	144001128	0.332008
6	146680760	0.119284
6	149607060	0.164016
6	150209196	0.417495
6	150615876	0.693837
6	151364875	0.873757
6	151496364	0.336978
6	151567175	0.185885
6	152265659	0.00298211
6	152401938	0.0318091
6	153614932	0.000994036
6	153972582	0.276342
6	156308324	0.100398
6	157960256	0.407555
6	158085284	0.182903
6	160798048	0.213718
6	161004491	0.0675944
6	161349884	0
6	162591311	0.972167
6	162712953	0.0298211
6	162896475	0.342942
6	163927784	0.779324
6	164065102	0.952286
6	165186796	0.208748
6	165904813	0.0516899
6	167211801	0.501988
6	167657394	0.345924
6	167711094	0.175944
6	168290384	0.922465
6	168569580	0.303181
6	168623545	0.101392
6	168738746	0.457256
6	169033040	0.424453
6	169962700	0.72664
6	170492285	0.135189
6	170796900	0.264414
7	1068691	0.00198807
7	1164368	0.0387674
7	1373797	0
7	1668813	0.324056
7	2160336	0.000994036
7	2211937	0.185885
7	2533602	0.151093
7	4214505	0.0775348
7	4765018	0.461233
7	5063090	0.313121
7	5728537	0.0606362
7	5834474	0.000994036
7	6456669	0.425447
7	6972543	0.516899
7	7134459	0.585487
7	7905413	0.197813
7	10045019	0.00397614
7	11260916	0.223658
7	11677840	0.430418
7	12097457	0.21173
7	12483077	0.0994036
7	12598409	0.201789
7	13488095	0.248509
7	13669204	0.234592
7	15000873	0.0636183
7	15913289	0.657058
7	16417094	0.199801
7	16543230	0.00695825
7	17219748	0.271372
7	19138505	0.213718
7	19540101	0.150099
7	19694632	0.0944334
7	19753782	0.0328032
7	20080429	0.276342
7	20943412	0.00198807
7	21147437	0.354871
7	21465133	0.241551
7	22757089	0.533797
7	22883835	0.0387674
7	22955068	0.260437
7	23028305	0.662028
7	25415714	0.209742
7	25952710	0.363817
7	28466783	0.00298211
7	30408353	0.127237
7	31586769	0.422465
7	32063381	0.0785288
7	32831887	0.347913
7	33937625	0.646123
7	34381854	0.0497018
7	35084302	0.0914513
7	36585410	0.00994036
7	37735900	0.38171
7	37953096	0.0308151
7	38631857	0.184891
7	40020209	0.0854871
7	40396366	0.159046
7	41307633	0.32008
7	42582010	0.0795229
7	45505152	0.751491
7	46073299	0.76342
7	46658925	0
7	49200835	0.919483
7	51825899	0.190855
7	51954569	0.737575
7	52519258	0.656064
7	52760671	0.639165
7	52818090	0.0596421
7	53048550	0.687873
7	53285473	0.276342
7	54189522	0.244533
7	54247350	0.905567
7	54316866	0.083499
7	57389233	0.646123
7	57506751	0.00198807
7	58025169	0.00397614
7	61250260	0.260437
7	62070460	0
7	62146819	0.270378
7	62453778	0.40159
7	63705941	0.026839
7	63922735	0.229622
7	64005228	0.248509
7	64681703	0.366799
7	64900721	0.5666
7	66801576	0.132207
7	67257969	0.370775
7	68092019	0.380716
7	68868011	0.180915
7	70282219	0.171968
7	70931358	0.122266
7	71061750	0.284294
7	71392484	0.0397614
7	71519406	0.696819
7	72306384	0.129225
7	73644787	0.0656064
7	74455474	0.243539
7	75606109	0.643141
7	75668329	0.672962
7	75806299	0.684891
7	77128216	0.054672
7	79234796	0.027833
7	80101213	0.000994036
7	80652302	0.4334
7	80715165	0.176938
7	81104394	0.0487078
7	81566761	0.23161
7	81783979	0.292247
7	82003787	0.22664
7	82283309	0.493042
7	82424231	0.366799
7	83226950	0.207753
7	85007066	0.461233
7	85916943	0.780318
7	86351217	0.289264
7	86966042	0.762425
7	87124959	0.0407555
7	88652809	0.683897
7	88794466	0.467197
7	89644425	0.388668
7	92692241	0.0516899
7	93026328	0.296223
7	93510131	0.0467197
7	94931271	0.0745527
7	97155016	0
7	97299464	0.0258449
7	97634963	0.274354
7	98321862	0.578529
7	100744777	0.0576541
7	101132338	0.349901
7	101983421	0.202783
7	102959379	0.135189
7	103037411	0.805169
7	103315179	0.0417495
7	103436154	0.194831
7	104097663	0.809145
7	104159525	0.0586481
7	104223762	0.180915
7	104731338	0.497018
7	105818520	0.236581
7	106086584	0.419483
7	107098877	0.321074
7	108922378	0.11829
7	109279744	0.533797
7	110686211	0.0178926
7	113826438	0.0487078
7	113986556	0.0457256
7	114911939	0.245527
7	115218271	0.142147
7	115519796	0.0636183
7	115593960	0.197813
7	117558892	0.724652
7	118859659	0.119284
7	120129659	0.0924453
7	122448393	0.213718
7	122678150	0.287276
7	123971053	0.0646123
7	124398196	0.408549
7	127651281	0.263419
7	128892536	0.997018
7	133832017	0.920477
7	135678299	0.159046
7	135808060	0.307157
7	137041777	0.462227
7	138549075	0.0775348
7	139646514	0.756461
7	140151648	0.112326
7	143020780	0.336978
7	144767687	0.284294
7	144964831	0.356859
7	145164804	0.11829
7	145503262	0.146123
7	146626250	0.395626
7	147016786	0.408549
7	147562715	0.588469
7	147683635	0.950298
7	149620581	0.996024
7	151373991	0.125249
7	151955297	0.0109344
7	153063175	0.430418
7	153524571	0.00198807
7	155608923	0.478131
7	155927105	0.331014
7	156109694	0.138171
7	156434675	0.0497018
7	156648334	0.265408
7	157671763	0.176938
7	158075769	0.580517
8	188131	0.387674
8	273258	0.0715706
8	786916	0.450298
8	923513	0.207753
8	1273426	0.106362
8	1821774	0.207753
8	1911063	0.517893
8	2411645	0.0805169
8	3172253	0.929423
8	3322499	0.0795229
8	3657115	0.33499
8	3738568	0.184891
8	3842721	0.512922
8	3961693	0.142147
8	4103130	0.534791
8	5020466	0.33996
8	5461562	0.229622
8	5497151	0.951292
8	5777673	0.0745527
8	5920189	0
8	6378210	0.0516899
8	6421277	0.0477137
8	6897885	0.471173
8	8596181	0.337972
8	9165380	0.507952
8	9916930	0.658052
8	10322948	0.452286
8	10445051	0.998012
8	11347107	0.0487078
8	12181570	0.083499
8	12516200	0.394632
8	13312482	0.522863
8	14225968	0.00397614
8	15243699	0.606362
8	16084696	0.260437
8	16136686	0.0308151
8	16723340	0.408549
8	16921890	0.101392
8	17098564	0.142147
8	17206588	0.0685885
8	17393284	0.0308151
8	18535389	0.258449
8	19207176	0.00994036
8	20051578	0.695825
8	20682145	0.122266
8	20796299	0.05666
8	22439956	0.218688
8	22803672	0.00497018
8	23219718	0.269384
8	23942510	0.0417495
8	24907236	0.136183
8	26355747	0.431412
8	26620521	0.358847
8	28033402	0.206759
8	28167580	0.315109
8	28996321	0.149105
8	29452409	0.570577
8	32454104	0.483101
8	33938229	0.00397614
8	34418614	0.00497018
8	35409145	0.0974155
8	39243380	0.00596421
8	39333498	0.203777
8	39776922	0.00298211
8	39841583	0.167992
8	41620112	0.184891
8	42060293	0.00198807
8	42282598	0.0218688
8	42354257	0.414513
8	43251461	0.055666
8	47396013	0.296223
8	47437354	0.673956
8	49074626	0.0884692
8	49277870	0.107356
8	50059587	0.366799
8	50118608	0.485089
8	50625293	0.959245
8	51453374	0.238569
8	52071210	0.00397614
8	54338463	0.084493
8	55832755	0.292247
8	56171131	0.228628
8	57438048	0.380716
8	57775276	0.187873
8	58926966	0.83002
8	59284854	0.0168986
8	59429512	0.144135
8	60224397	0.333996
8	61412097	0.000994036
8	62845516	0.218688
8	63659367	0.645129
8	64579745	0.748509
8	68913035	0.594433
8	68983584	0.567594
8	69422936	0.11332
8	70752861	0.0377734
8	70955207	0.284294
8	71106304	0.609344
8	72642493	0.271372
8	72843805	0.140159
8	73055180	0.167992
8	75215430	0.0506958
8	75288794	0.419483
8	77259902	0.0129225
8	77695388	0.166998
8	78124967	0.291252
8	78464809	0.109344
8	78526277	0.176938
8	78664579	0.148111
8	78735355	0
8	78951749	0.360835
8	79252302	0.299205
8	80184838	0.028827
8	80261062	0.379722
8	80796134	0.640159
8	82663947	0.756461
8	83421588	0.116302
8	83981980	0.000994036
8	84378403	0.0725646
8	84570314	0.172962
8	86352758	0.631213
8	87212302	0.146123
8	87348720	0.518887
8	87856462	0.424453
8	88412755	0.491054
8	88815135	0.223658
8	90235911	0.00695825
8	91014154	0.00397614
8	91171735	0.703777
8	91685814	0.477137
8	92659644	0
8	92808851	0.324056
8	94166637	0.121272
8	95011614	0.0447316
8	95621028	0.0596421
8	95692011	0.622266
8	96502418	0.0198807
8	96717974	0.304175
8	96791051	0.398608
8	97016109	0.350895
8	99075587	0.410537
8	100686031	0.125249
8	101638424	0.0894632
8	101840244	0.261431
8	102121365	0.176938
8	102677805	0.333996
8	102745351	0.214712
8	103191667	0.659046
8	104588494	0.170974
8	105468379	0.571571
8	106049672	0.151093
8	106269243	0.523857
8	106720501	0.282306
8	108698283	0.32505
8	109141570	0.26839
8	112704562	0.275348
8	113221430	0.217694
8	113368547	0.475149
8	114547329	0.666004
8	114831373	0.0735587
8	115483210	0.0994036
8	115721881	0.135189
8	116076926	0.72167
8	116537058	0.56163
8	118922507	0.54672
8	119072448	0
8	122516931	0.0238569
8	122664506	0.00198807
8	122879061	0.082505
8	125288681	0.494036
8	125367500	0.450298
8	125576082	0.446322
8	126547207	0.000994036
8	126960819	0.833002
8	127546182	0.873757
8	127829177	0.0258449
8	129071537	0.0636183
8	129448014	0.166998
8	131584754	0.16004
8	131780406	0.0497018
8	132715046	0.793241
8	133883102	0.549702
8	135391211	0.446322
8	136098668	0.614314
8	136757758	0.135189
8	137002061	0.0168986
8	138545911	0.192843
8	139077124	0.481113
8	139140876	0.0715706
8	140505919	0.185885
8	140728816	0.026839
8	142144899	0.00198807
8	143858846	0.39165
8	143913948	0.481113
8	145881333	0.496024
8	146141474	0.180915
9	442272	0.833002
9	633350	0.153082
9	1338853	0.153082
9	2536319	0.32008
9	4211977	0.110338
9	4672712	0.313121
9	4777725	0.252485
9	7208342	0.491054
9	9290343	0.131213
9	10081387	0.345924
9	10130199	0.124254
9	10182184	0.109344
9	11857774	0.151093
9	12110786	0.468191
9	12372197	0.0695825
9	12666562	0.117296
9	13725313	0.107356
9	14025101	0.776342
9	14151853	0.985089
9	14798967	0.218688
9	16299039	0.105368
9	16955672	0.00994036
9	17746365	0.126243
9	18641557	0.164016
9	19477780	0.00795229
9	20382226	0.00198807
9	21844643	0.432406
9	22833369	0.441352
9	25142709	0.230616
9	26411670	0.00397614
9	26648358	0.10338
9	27103307	0.120278
9	27844665	0.0198807
9	27969578	0.000994036
9	28214686	0.106362
9	28792620	0.116302
9	28860018	0.77336
9	28922356	0.76342
9	29515267	0.842942
9	29776513	0.145129
9	29977862	0.0149105
9	30308011	0.141153
9	31086948	0.0298211
9	31262324	0.484095
9	31888418	0.00795229
9	37001471	0.365805
9	38380103	0.153082
9	38648775	0.264414
9	44124671	0.833996
9	65632583	0.439364
9	68187358	0.884692
9	68478408	0.241551
9	71116955	0.487078
9	71732036	0.0626243
9	73088028	0.272366
9	73830386	0.43837
9	76172980	0.61829
9	76392885	0.951292
9	77901998	0.110338
9	78371589	0.659046
9	78942572	0.173956
9	79444740	0.484095
9	79701771	0.218688
9	81491999	0.300199
9	82457350	0.114314
9	83644264	0.575547
9	83786452	0.239563
9	83860713	0.447316
9	83929252	0.028827
9	84497199	0.0606362
9	85095497	0.374751
9	85330183	0.0874752
9	85477109	0.313121
9	87024447	0.172962
9	87514761	0.000994036
9	88154941	0.129225
9	90150275	0.32505
9	91132865	0
9	91590422	0.559642
9	92742249	0.0974155
9	92949934	0.0586481
9	93359724	0.281312
9	93432785	0.357853
9	93554540	0.000994036
9	94121330	0.196819
9	94343642	0.403579
9	94489212	0.107356
9	95041636	0.354871
9	96133719	0.144135
9	96701663	0.435388
9	100153559	0.185885
9	100233523	0.521869
9	102992687	0.0994036
9	103948758	0.792247
9	104382455	0.0636183
9	104597048	0.580517
9	104791433	0.833996
9	105096394	0.132207
9	105858437	0.44831
9	107814518	0.276342
9	108016065	0.082505
9	108515500	0.10338
9	108714151	0.789264
9	109715273	0.00198807
9	109862714	0.0705765
9	110270115	0.208748
9	111953707	0.0576541
9	112297928	0.0626243
9	113459655	0.170974
9	113612783	0.0397614
9	113966610	0.56163
9	114335218	0.0636183
9	114410702	0.0675944
9	115446130	0.172962
9	116438348	0.140159
9	116923991	0.121272
9	119213715	0.195825
9	119282870	0.565606
9	119775606	0.5666
9	120249360	0.175944
9	120470372	0.05666
9	121115184	0.545726
9	122455240	0.0715706
9	124191252	0.908549
9	124750976	0.0178926
9	126620972	0.0407555
9	126840565	0.055666
9	128910776	0.00497018
9	130183790	0.578529
9	130755320	0.915507
9	132074598	0.314115
9	132137256	0.00894632
9	132199199	0.719682
9	132524959	0.0994036
9	134407305	0.927435
9	134818418	0.291252
9	135688538	0.102386
9	136009191	0.338966
9	137434547	0.403579
9	138121346	0.054672
9	138440045	0.420477
9	138824310	0.746521
9	140690034	0.592445
9	140805683	0.0149105
