10	350693	0.211656
10	796468	0.0521472
10	1224581	0.783231
10	1279272	0.829243
10	1393592	0.830266
10	1449377	0.223926
10	2102433	0.212679
10	4667529	0.103272
10	4911158	0.179959
10	5034016	0.4182
10	5420851	0.0347648
10	5550768	0.193252
10	5663691	0.250511
10	6417724	0.00204499
10	6747521	0.163599
10	7165106	0.431493
10	7545524	0.0552147
10	9604930	0.505112
10	10232427	0.264826
10	11699441	0.811861
10	13269807	0.403885
10	13389006	0.0235174
10	14340610	0.221881
10	15551279	0.632924
10	15735617	0.203476
10	16988787	0.0419223
10	18788390	0.40184
10	20036177	0.501023
10	20162462	0.238241
10	21192389	0
10	21521210	0.162577
10	24215163	0.0501022
10	25599875	0.458078
10	26983024	0.612474
10	27130625	0.610429
10	27336671	0.523517
10	27903768	0.56953
10	28702072	0.457055
10	28921788	0.189162
10	29060698	0.0756646
10	29770786	0.654397
10	29827355	0.0674847
10	30472411	0.548057
10	31731063	0.184049
10	32379600	1
10	33467539	0.0920245
10	33874231	0.131902
10	37217312	0.290389
10	38167038	0.952965
10	38677789	0.333333
10	42382342	0.344581
10	44548259	0.0756646
10	48500100	0
10	48907434	0.586912
10	52540483	0.600205
10	53798924	0.329243
10	54225761	0.00102249
10	55030395	0.185072
10	55814018	0.102249
10	56937275	0.0143149
10	58224183	0.0398773
10	59261217	0.896728
10	59334656	0.282209
10	64152808	0.111452
10	64657502	0.128834
10	65327084	0.173824
10	66437582	0.699386
10	67025536	0.108384
10	67572596	0.0817996
10	67827726	0.406953
10	67890325	0.135992
10	68272893	0.0899796
10	68746991	0.745399
10	70068577	0.735174
10	71135074	0.0828221
10	72323275	0.245399
10	72717030	0.108384
10	73030775	0.829243
10	73094420	0.242331
10	73731768	0.147239
10	74308804	0.402863
10	78316240	0.845603
10	78978242	0.0817996
10	79543819	0.276074
10	80400029	0.0552147
10	80462933	0.114519
10	80845405	0.217791
10	81417283	0.279141
10	82232706	0.48364
10	82510574	0.138037
10	84676590	0.457055
10	85212217	0.0470348
10	85345465	0.0173824
10	86083579	0.182004
10	86795027	0.517382
10	86858515	0.121677
10	87726722	0.0378323
10	89172143	0.0276074
10	89435483	0.319018
10	90760606	0.552147
10	90904111	0.55726
10	91121907	0.474438
10	93729736	0.0981595
10	94155846	0.630879
10	95361588	0.339468
10	95504610	0.787321
10	95641485	0.583845
10	97029366	0.197342
10	97329911	0.0122699
10	98212575	0.534765
10	98441768	0.169734
10	98968967	0.54499
10	100302852	0.0879346
10	101084483	0.278119
10	101635461	0.784254
10	102024311	0
10	102925367	0.792434
10	105255614	0.0541922
10	106767803	0.0347648
10	107067938	0.156442
10	109007002	0.976483
10	109411682	0.123722
10	109471620	0.613497
10	110158050	0.734151
10	110348376	0.407975
10	111935290	0.00204499
10	113225327	0.251534
10	113600635	0.116564
10	115559957	0.468303
10	115978451	0.0879346
10	117079200	0.280164
10	117424380	0.0470348
10	118272726	0.915133
10	120197496	0.0633947
10	121220708	0.314928
10	121286692	0.0705521
10	122535834	0.766871
10	122956484	1
10	123758376	0.559305
10	125064283	0.0541922
10	126303408	0.106339
10	126436717	0.677914
10	126966739	0.191207
10	127789214	0.0357873
10	128043377	0.130879
10	129160313	0.314928
10	129273257	0.288344
10	129516607	0.837423
10	130754229	0.484663
10	130871039	0
10	131370520	0.439673
10	133324790	0.359918
10	134687912	0.174847
10	135051653	0.0184049
11	512205	0.140082
11	1370090	0.0265849
11	2337693	0.115542
11	3583802	0.449898
11	4163558	0.92638
11	4548812	0.0194274
11	5399218	0.351738
11	5877909	0.315951
11	6920970	0.336401
11	7260691	0.0419223
11	7825508	0.0736196
11	8505492	0.00613497
11	9010737	0.692229
11	9157925	0.279141
11	10137703	0.102249
11	11046259	0.196319
11	11400282	0.0132924
11	12324679	0.0245399
11	13202953	0.219836
11	13412302	0.105317
11	14035961	0.519427
11	14418295	0.394683
11	15412448	0.0848671
11	16805048	0.924335
11	18118146	0.315951
11	18180856	0.336401
11	18938732	0.0214724
11	19064316	0.0858896
11	19532199	0.413088
11	20176986	0.225971
11	20316949	0.53272
11	22138887	0.0879346
11	22535284	0.162577
11	22672739	0.155419
11	22806648	0.247444
11	23331591	0.342536
11	23462469	0.093047
11	23909957	0.456033
11	24253072	0.210634
11	24704375	0.266871
11	25443005	0.97137
11	25871796	0.229039
11	25996594	0.0633947
11	26237368	0.255624
11	26302294	0.0654397
11	26653102	0.651329
11	27098784	0.0654397
11	27171577	0.260736
11	30302923	0.312883
11	30739896	0.104294
11	31892201	0
11	32384813	0.327198
11	32516917	0.428425
11	33622297	0.0296524
11	34255541	0.993865
11	35847990	0.097137
11	36254509	0.0777096
11	38306518	0.146217
11	38451400	0.198364
11	38579027	0.745399
11	40549546	0.0746421
11	42162777	0.192229
11	42917230	0.383436
11	43880489	0.0552147
11	44018804	0.551125
11	46194744	0.149284
11	48535224	0.0429448
11	49073527	0.376278
11	49963338	0.493865
11	54992728	0.416155
11	56309093	0.109407
11	57020427	0.255624
11	57945418	0.633947
11	61519986	0.219836
11	62821139	0.164622
11	63966927	0.198364
11	65587651	0.368098
11	66893474	0.00102249
11	68628743	0.50409
11	68693438	0.0511247
11	68927048	0.311861
11	71122931	0.633947
11	71296482	0.644172
11	71526834	0.654397
11	73368875	0.403885
11	76348651	0.0664622
11	77038903	0.610429
11	77745268	0
11	77877416	0
11	79209202	0.158487
11	79459484	0.0163599
11	80748693	0.155419
11	82992895	0
11	83204471	0.519427
11	83563436	0.822086
11	83755359	0.138037
11	84647430	0.0633947
11	85305353	0
11	86095816	0.157464
11	86834507	0.099182
11	87507771	0.0224949
11	87802413	0.383436
11	87871776	0.109407
11	88347843	0.775051
11	90375731	0.154397
11	90899786	0.805726
11	91090006	0.375256
11	91332680	0.103272
11	91599345	0.188139
11	92760614	0.420245
11	93726072	0.580777
11	95350518	0.469325
11	96576270	0.257669
11	96760757	0.221881
11	98185572	0.0429448
11	98804820	0.944785
11	99999990	0.0337423
11	100067600	0.673824
11	100469602	0.142127
11	101684475	0.163599
11	102641172	0.0685072
11	102701858	0.278119
11	103078496	0.883436
11	103223596	0.533742
11	103359977	0.380368
11	103997165	0.130879
11	104062886	0.132924
11	104133611	0.134969
11	104643968	0.0378323
11	105432666	0.92638
11	105751330	0.390593
11	105921407	0.103272
11	106215204	0.699386
11	106882092	0.0398773
11	107161550	0.392638
11	108327218	0.0807771
11	108404835	0.369121
11	108911002	0.255624
11	115090866	0.342536
11	115163665	0.290389
11	116948442	0.152352
11	118477367	0.615542
11	119337241	0.102249
11	119928883	0.124744
11	120196433	0.505112
11	121491307	0.583845
11	121790358	0.4591
11	123063082	0
11	124124775	0.160532
11	124717445	0.288344
11	126844664	0.191207
11	127107790	0.0848671
11	127664003	0.547035
11	130412175	0.0501022
11	130934769	0
11	134035927	0.183027
12	1845237	0.332311
12	2310551	0.376278
12	3204209	0.144172
12	3374920	0.123722
12	3782894	0.268916
12	4063750	0.708589
12	5057389	0.0541922
12	6203674	0.0316973
12	6260583	0.927403
12	6509888	0.58589
12	6838903	0.948875
12	6906828	0.595092
12	8229296	0.274029
12	9123932	0.488753
12	10024791	0.860941
12	10154249	0.270961
12	10705835	0.322086
12	11348886	0.870143
12	14468638	0.824131
12	15285379	0.0674847
12	17354283	0.0184049
12	17572718	0
12	17708675	0.0725971
12	18193198	0.0797546
12	19421678	0.814928
12	20013193	0.0265849
12	20632922	0.231084
12	21017796	0.913088
12	21144501	0.0388548
12	21207758	0.803681
12	23992411	0.395706
12	24139829	0.238241
12	24207780	0.152352
12	25701401	0.527607
12	25983265	0.874233
12	26051954	0.564417
12	27000195	0.0398773
12	27448496	0.364008
12	27963546	0.517382
12	28803717	0.304703
12	30412447	0.507157
12	30722566	0.289366
12	30877035	0.294479
12	32019875	0.252556
12	32274186	0.188139
12	32852949	0.093047
12	33398254	0.131902
12	34807751	0.357873
12	38851616	0.132924
12	39891709	0.295501
12	40176306	0.323108
12	41042285	0.0224949
12	41952824	0.744376
12	42017686	0.0255624
12	42633736	0.795501
12	43220260	0.00715746
12	43637442	0.208589
12	43708380	0.124744
12	44232358	0.0582822
12	44299900	0.828221
12	47180934	0.0255624
12	47452341	0.00204499
12	47524884	0.394683
12	47735500	0.099182
12	48850910	0.170757
12	49274072	0.473415
12	51402039	0.886503
12	52671254	0.335378
12	52732289	0.423313
12	53140663	0.435583
12	54951612	0.661554
12	55738427	0.248466
12	57771153	0.0848671
12	58249243	0.538855
12	58638082	0.171779
12	59509020	0.732106
12	60822764	0.0654397
12	60965789	0.220859
12	61293469	0
12	62732091	0.245399
12	63901810	0.298569
12	64116159	0.650307
12	64756199	0.320041
12	65696970	0.244376
12	66886984	0.381391
12	70616839	0.456033
12	71887872	0.825153
12	72271979	0.155419
12	72656061	0.242331
12	73580623	0.251534
12	74748775	0.0603272
12	75947644	0.377301
12	76661543	0
12	78986074	0.650307
12	80899399	0.192229
12	81049471	0.132924
12	81128242	0.340491
12	83277316	0.093047
12	85009391	0.193252
12	85083256	0.670757
12	85526857	0.389571
12	87220089	0.673824
12	88709906	0.0920245
12	89673619	0.159509
12	90327378	0.0511247
12	90652912	0.00204499
12	91995524	0.0920245
12	92673669	0.543967
12	93691888	0.0725971
12	94418479	0.0368098
12	97024189	0.273006
12	98313651	0.106339
12	99995011	0.683027
12	100984151	0.282209
12	103495151	0.502045
12	103786854	0.276074
12	105600935	0.200409
12	105809061	0.0347648
12	106724838	0.352761
12	110483175	0.0695297
12	111670682	0.47955
12	112252649	0.0807771
12	113517571	0.0143149
12	114400816	0
12	115755506	0
12	116230062	0.370143
12	117330844	0.0797546
12	117943164	0.54908
12	118074271	0.157464
12	118946852	0.179959
12	119443891	0.211656
12	119515037	0.41411
12	120085962	0.763804
12	121045431	0.106339
12	123815654	0.951943
12	124843104	0.281186
12	125194596	0.641104
12	125255890	0.0327198
12	125437160	0.0582822
12	126031728	0.163599
12	126542537	0.167689
12	127476192	0.178937
12	127977825	0.207566
12	129914524	0.0132924
12	130700107	0.329243
12	131169111	0.441718
12	131519976	0.0204499
12	132003924	0.452965
12	133839693	0.313906
13	20209229	0.0521472
13	20709820	0.311861
13	21312766	0.114519
13	21799149	0.271984
13	22219062	0.121677
13	22533434	0.0746421
13	22590897	0.9182
13	23552967	0.338446
13	25315664	0.331288
13	26669990	0.40593
13	26944492	0
13	27339783	0.816973
13	27867501	0.261759
13	27999457	0.0787321
13	29256505	0.0981595
13	30672179	0.0408998
13	31641565	0.699386
13	31763174	0.424335
13	32594429	0.0276074
13	33556000	0.0163599
13	33624553	0.679959
13	35310522	0.209611
13	36238035	0.100204
13	36302201	0.881391
13	36369373	0.0296524
13	39420075	0.112474
13	39886443	0.00613497
13	41278121	0.0623722
13	42098529	0.108384
13	43290922	0.0715746
13	44471983	0.316973
13	46414329	0.379346
13	48551920	0.149284
13	48694730	0.201431
13	49313075	0.679959
13	50159165	0.285276
13	53764479	0.0623722
13	54375907	0.0940695
13	55498715	0.747444
13	56152565	0.580777
13	58620938	0.127812
13	58689340	0.346626
13	60894203	0.193252
13	61655731	0.906953
13	62670009	0.266871
13	64001706	0.00204499
13	64755965	0.0132924
13	64953501	0.373211
13	67228119	1
13	68134671	0.108384
13	68196572	0.792434
13	69195335	0.45501
13	70178061	0.0276074
13	70520688	0.201431
13	70721292	0.0828221
13	71846268	0.0368098
13	73654292	0.0337423
13	73730549	0.689162
13	73944832	0.970348
13	74159570	0.103272
13	74310094	0.317996
13	74666946	0.673824
13	75227254	0.678937
13	75504546	0.215746
13	78545425	0.232106
13	80033764	0.0398773
13	81313057	0.173824
13	81982181	0.351738
13	82416455	0.965235
13	83955005	0.523517
13	84886948	0.00408998
13	85225571	0.0552147
13	85296920	0.393661
13	85365099	0.541922
13	87686087	0.00102249
13	88085955	0.280164
13	88770442	0.192229
13	88843221	0.124744
13	89060355	0
13	89783381	0.885481
13	90731067	0.0173824
13	91503379	0.240286
13	91572636	0.00306748
13	92812514	0.787321
13	93132543	0.101227
13	93984669	0.39775
13	95911944	0.0633947
13	97499189	0.277096
13	98797401	0.095092
13	99470990	0.0797546
13	99539298	0.675869
13	100533880	0.0961145
13	100969934	0.195297
13	101183282	0.0286299
13	101525269	0.0920245
13	102208542	0.827198
13	103499715	0.0368098
13	105451250	0.91411
13	106141952	0.538855
13	106392687	0.945808
13	108615603	0.377301
13	109084338	0.0623722
13	109523857	0.283231
13	112294615	0.928425
13	112808664	0.250511
13	112962633	0.226994
13	113432165	0.0470348
13	113536467	0.134969
13	113819948	0.472393
14	20540257	0.161554
14	22223502	0.387526
14	22660734	0.257669
14	22837758	0.109407
14	23033488	0.0194274
14	24323140	0.095092
14	24394908	0.0419223
14	24932363	0.313906
14	26445434	0.0889571
14	28228855	0.0817996
14	28301623	0.812883
14	28513378	0.253579
14	29059048	0.0204499
14	31146905	0.0838446
14	31305197	0.202454
14	31449190	0.338446
14	33075243	0.55726
14	33147765	0.267894
14	33633155	0.169734
14	35869791	0.131902
14	36037687	0.00306748
14	37261090	0.198364
14	39111935	0.0777096
14	39318321	0.299591
14	39667038	0
14	40965575	0.0858896
14	41518144	0.792434
14	45103712	0.107362
14	45382277	0.107362
14	46626462	0
14	47784609	0.0204499
14	47922676	0.262781
14	52835834	0.535787
14	53836643	0.0541922
14	54492146	0.207566
14	55635323	0.203476
14	55988436	0.41411
14	56391127	0.0122699
14	58257515	0.0204499
14	58391797	0.290389
14	59079206	0.108384
14	59648420	0.0306748
14	61021891	0.443763
14	62328624	0.0725971
14	62603546	0.0603272
14	63835496	0.135992
14	64343666	0.546012
14	65880621	0.280164
14	66519137	0
14	68199598	0.0807771
14	68603731	0.790389
14	68766811	0.0204499
14	69004042	0.202454
14	70794929	0.237219
14	70867934	0.109407
14	72211948	0.846626
14	73541651	0.0265849
14	73844020	0.0388548
14	74362935	0.41002
14	76065176	0.443763
14	77343692	0.0603272
14	77412065	0.270961
14	78038642	0.529652
14	78178947	0.646217
14	78468576	0.832311
14	78606993	0.199387
14	79100775	0.0347648
14	79617175	0.266871
14	81128903	0.0725971
14	86529551	0.207566
14	87260189	0.913088
14	87891966	0.0224949
14	88152814	0.250511
14	88424606	0.097137
14	88496081	0.095092
14	88696303	0.303681
14	88760692	0.188139
14	89424174	0.245399
14	89818914	0.125767
14	90607403	0.238241
14	91019216	0.091002
14	91157113	0.129857
14	91734164	0.274029
14	92523786	0.365031
14	92992485	0.00102249
14	93256048	0.0235174
14	93327438	0.189162
14	94201926	0.826176
14	94323978	0.657464
14	94632298	0.385481
14	94906822	0.097137
14	95018415	0.242331
14	96256471	0.229039
14	96448367	0.662577
14	96682783	0.457055
14	96894369	0.137014
14	98619868	0.246421
14	98792879	0.190184
14	98904960	0.903885
14	99018688	0.133947
14	99197967	0.118609
14	99266231	0.224949
14	99392241	0.0899796
14	99718105	0.266871
14	101399787	0.49591
14	101529142	0.416155
14	101584142	0.857873
14	103076595	0.777096
14	103835128	0.468303
14	104038418	0.189162
14	104166783	0.392638
14	104624993	0.665644
14	104954376	0.361963
14	107171282	0.915133
15	23129027	0.0613497
15	24257659	0.256646
15	24315868	0.0817996
15	24367547	0.230061
15	24417499	0.194274
15	24461695	0.694274
15	25908369	0.0664622
15	26151685	0.40593
15	26262096	0.420245
15	26443944	0.0766871
15	28982127	0.140082
15	31700985	0
15	33204419	0.212679
15	34291660	0.554192
15	35001752	0.739264
15	35069208	0.0163599
15	35138500	0.00102249
15	35294435	0.338446
15	35825595	0.0460123
15	37646848	0.323108
15	37710619	0.0664622
15	39508200	0.137014
15	39627146	0.093047
15	42579686	0.92638
15	42645892	0.128834
15	43972629	0.311861
15	44538660	0.93865
15	45526949	0
15	45688603	0.143149
15	47206675	0.0255624
15	48178096	0.330266
15	49506758	0.315951
15	51475652	0.145194
15	52759420	0.155419
15	53943440	0
15	55403672	0.939673
15	55465381	0.0572597
15	57388279	0.775051
15	57646861	0.687117
15	60476994	0.120654
15	60797128	0
15	61553374	0.97546
15	62077220	0.203476
15	62605621	0.563395
15	63641427	0.129857
15	63779752	0.517382
15	64358722	0.325153
15	66379744	0.234151
15	67634862	0.299591
15	68628601	0.90593
15	69481071	0.103272
15	69628947	1
15	69854306	0.0562372
15	70127606	0.257669
15	70391638	0.624744
15	70598562	0.237219
15	71704609	0.795501
15	71774871	0.877301
15	74241749	0.180982
15	74952342	0.327198
15	79051721	0.277096
15	79848929	0.631902
15	79916695	0.108384
15	80581390	0.252556
15	80778586	0.132924
15	83254070	0.538855
15	85428604	0.113497
15	86207049	0.241309
15	86376655	0.353783
15	86700316	0.398773
15	89094866	0.469325
15	89273097	0.0398773
15	89449627	0.622699
15	89511981	0.164622
15	90867363	0.0306748
15	91710038	0.629857
15	91897748	0.541922
15	92869283	0.351738
15	93555717	0.0623722
15	93776485	0.559305
15	95611011	0.095092
15	96673900	0.0204499
15	97571833	0.801636
15	98310219	0.718814
15	98901916	0.367076
15	99215615	0.798568
15	99832891	0.0470348
15	100407427	0.211656
15	100707770	0.0357873
15	100955951	0.51636
15	101017490	0.452965
15	101900364	0.0224949
16	991002	0.605317
16	1173368	0.0163599
16	1485255	0.137014
16	1744736	0.0869121
16	3382058	0.866053
16	4766831	0.00613497
16	5499768	0.320041
16	5619469	0.641104
16	6266321	0.980573
16	6526273	0.632924
16	6858183	0.449898
16	6988871	0.111452
16	7015903	0.251534
16	7532478	0.334356
16	10433449	0.256646
16	10704535	0.0685072
16	10896769	0.0603272
16	11006543	0.691207
16	11288428	0.248466
16	11395915	0.099182
16	11450111	0.203476
16	11533043	0.0633947
16	12452944	0.230061
16	12986597	0.47137
16	13888105	0.0674847
16	14051776	0.374233
16	15850912	0.0889571
16	15915724	0.095092
16	16879328	0.267894
16	17020134	0.628834
16	17280770	0.231084
16	17987625	0.144172
16	18119013	0.128834
16	19359642	0.556237
16	20545986	0
16	23303517	0.0255624
16	24027018	0.0541922
16	24310100	0.099182
16	24375802	0.606339
16	25285100	0.717791
16	25633443	0.146217
16	25699761	0.386503
16	26793098	0.639059
16	27034474	0.429448
16	29216321	0.00102249
16	31558110	0.351738
16	31790668	0.343558
16	34401335	0.507157
16	46412650	0.421268
16	47974543	0.0306748
16	48821420	0.330266
16	49157100	0.655419
16	49370208	0.112474
16	49984049	0.00613497
16	50047925	0.0715746
16	50481811	0.205521
16	52455456	0.141104
16	52971779	0.866053
16	53188669	0.605317
16	53508507	0.485685
16	53659461	0.0685072
16	53736998	0.172802
16	54952312	0
16	55202592	0.122699
16	56327744	0.0163599
16	56552173	0.151329
16	56733874	0.166667
16	57565469	0.885481
16	58086101	0.0112474
16	58227983	0.320041
16	58909324	0.269939
16	59501684	0.104294
16	59574268	0.298569
16	64348270	0.0817996
16	65844795	0.478528
16	66034795	0.531697
16	66162454	0.00306748
16	68008679	0.0398773
16	69478082	0
16	70021457	0.188139
16	70167808	0
16	71965230	0.162577
16	72155580	0.0419223
16	73009698	0.265849
16	74173179	0.389571
16	74300016	0.0562372
16	74427366	0.0674847
16	76276174	0.371166
16	77481986	0.263804
16	77587083	0.56953
16	78076222	0.485685
16	78649717	0.551125
16	79129543	0.400818
16	79167548	0.356851
16	79203866	0.0347648
16	80409383	0.0296524
16	80503223	0.379346
16	81035637	0.811861
16	81455658	0.0378323
16	81508633	0.0562372
16	81654451	0.0879346
16	82157889	0.774029
16	82292326	0.542945
16	82421716	0
16	82819444	0.350716
16	83262240	0.0838446
16	83302526	0.0828221
16	83554505	0.146217
16	85259223	0.574642
16	85932351	0.0664622
16	86075101	0.0347648
16	86117695	0.0102249
16	87361393	0.354806
16	87410826	0.365031
16	87669882	0.567485
16	87779664	0.155419
16	87869540	0.372188
16	88362812	0.120654
16	88651295	0.215746
16	89170679	0.52454
17	970601	0.95501
17	2324664	0
17	2456469	0.0633947
17	3078354	0.263804
17	3756724	0.548057
17	4602937	0.822086
17	4992114	0.262781
17	5199038	0.816973
17	5270712	0.0644172
17	5406110	0.0490798
17	5737066	0.4182
17	6171630	0.433538
17	6420022	0.0664622
17	6560596	0.583845
17	9787936	0.00102249
17	10025825	0.264826
17	10219774	0.0603272
17	10775044	0.885481
17	13542902	0.0357873
17	15247523	0.427403
17	16859829	0.0378323
17	16992544	0.531697
17	17130237	0.708589
17	17742904	0.246421
17	18815547	0.101227
17	20459319	0.372188
17	21144074	0.619632
17	25714761	0.421268
17	26047381	0.840491
17	27610597	0.339468
17	28534469	0.530675
17	28924585	0.230061
17	29284214	0.0224949
17	30038259	0.135992
17	30316385	0.156442
17	31624706	0.242331
17	32802236	0.546012
17	32923347	0.185072
17	33832308	0.620654
17	33981704	0.725971
17	34198593	0.194274
17	35338366	0.00920245
17	35901374	0.189162
17	36499795	0.159509
17	37004449	0.132924
17	38418212	0.107362
17	38718890	0.00511247
17	39081713	0.5818
17	39146734	0.537832
17	40480498	0.331288
17	43421720	0.133947
17	44242759	0.0511247
17	45045894	0.510225
17	46010380	0.317996
17	47226651	0.307771
17	47374886	0.105317
17	47916797	0.953988
17	49018764	0.00204499
17	49900684	0.0224949
17	50634521	0.277096
17	50701041	0.542945
17	51039815	0.394683
17	52030913	0.0143149
17	52928603	0.0306748
17	54095803	0.143149
17	55100114	0.646217
17	55871251	0.244376
17	57816578	0.395706
17	58589355	0
17	58983549	0.0449898
17	60326449	0.109407
17	60709277	0.613497
17	62025238	0.250511
17	63276780	0.176892
17	63980599	0.107362
17	64690492	0.129857
17	65171122	0.0347648
17	68927276	0.182004
17	70903286	0.56953
17	71352518	0.145194
17	71607027	0.424335
17	72462466	0.538855
17	72974577	0.0368098
17	74103599	0.829243
17	74306274	0.0357873
17	74938488	0.244376
17	76933645	0.308793
17	77266813	0.770961
17	78037029	0.00102249
17	78634810	0.205521
17	78919131	0.225971
17	79020533	0.281186
17	79217478	0.724949
17	80084080	0.458078
18	369148	0.151329
18	630796	0.150307
18	826506	0.0562372
18	1531453	0.140082
18	2638079	0.113497
18	3101520	0.43456
18	4673119	0.105317
18	5255457	0.672802
18	6534934	0.315951
18	6729022	0.758691
18	7301170	0.154397
18	8206173	0.670757
18	8575945	0.115542
18	9714212	0.231084
18	9977469	0.0245399
18	10344914	0.432515
18	10714679	0.278119
18	12104380	0.297546
18	12317836	0.859918
18	13354105	0.0112474
18	13421467	0.667689
18	14293150	0.0541922
18	20647610	0.923313
18	20718897	0.239264
18	23138200	0.381391
18	24094016	0.486708
18	24174719	0.215746
18	24246324	0.0961145
18	24469653	0.225971
18	24537524	0.0603272
18	25002462	0.384458
18	25155168	0.286299
18	26127280	0.271984
18	26345969	0.244376
18	27141815	0.615542
18	27972066	0.188139
18	29700550	0.0582822
18	30301116	0.168712
18	30620082	0.0132924
18	31100421	0.00920245
18	32097329	0
18	33599720	0.198364
18	34229142	0.0408998
18	35798082	0.505112
18	37575759	0.234151
18	37647852	0.740286
18	38509084	0.91002
18	39414215	0.170757
18	39705550	0.535787
18	40625780	0.104294
18	45693972	0.141104
18	45833032	0.0521472
18	46043029	0.100204
18	47957890	0.514315
18	48434110	0.791411
18	48942264	0.841513
18	49955005	0.843558
18	50151945	0.837423
18	50216372	0.303681
18	50498354	0.268916
18	50688149	0.695297
18	51204980	0.809816
18	53577346	0.817996
18	55279262	0.162577
18	57704598	0.58998
18	59382077	0.0460123
18	60255742	0.0593047
18	61409858	0.977505
18	62223552	0
18	63497191	0.192229
18	66951620	0.00204499
18	67018798	0.841513
18	68140526	0.161554
18	68774209	0.322086
18	69640864	0.277096
18	70365058	0.0398773
18	70430094	0.0470348
18	71137317	0.731084
18	74094506	0.154397
18	75005559	0.0429448
18	75126203	0.45092
18	75324205	0.389571
18	76072218	0.214724
18	76286878	0.162577
18	77574374	0.0940695
19	295847	0.597137
19	488391	0.369121
19	4034206	0
19	4658607	0.214724
19	4781380	0.351738
19	5355331	0.734151
19	6370208	0.342536
19	6621851	0.302658
19	6739710	0.324131
19	7202049	0.258691
19	7264927	0.0572597
19	7773933	0.714724
19	7897593	0.0439673
19	8098940	0.0449898
19	12482705	0.228016
19	12545425	0.492843
19	12824015	0
19	13682490	0.0828221
19	13746693	0.365031
19	14568691	0.149284
19	14952238	0.102249
19	15135741	0.197342
19	15683159	0.0817996
19	16154910	0.660532
19	16549890	0.0388548
19	16759015	0.095092
19	17842205	0.259714
19	18375035	0.163599
19	18708414	0.0511247
19	18978119	0.00102249
19	19393714	0.340491
19	19533880	0.0961145
19	20046102	0.119632
19	20858625	0.246421
19	20925144	0.0879346
19	21831057	0.307771
19	22794881	0.0235174
19	23371470	0.944785
19	28893873	0.642127
19	29326179	0.141104
19	29866045	0.288344
19	29919576	0.717791
19	30099457	0.883436
19	30700193	0.274029
19	30916121	0.315951
19	32103145	0.0194274
19	34321992	0.387526
19	35852880	0.558282
19	36828217	0.417178
19	37162125	0.217791
19	37651470	0.0961145
19	37732815	0.0429448
19	39430501	0.368098
19	40501915	0
19	40886187	0.00204499
19	43126969	0.175869
19	43919808	0.419223
19	44279789	0.0153374
19	44437979	0.498978
19	45346069	0.0879346
19	46726745	0.52045
19	51685706	0.170757
19	53234323	0.274029
19	53389871	0.184049
19	53629844	0.156442
19	53813678	0.0674847
19	54562177	0.832311
19	54726226	0.848671
19	55147816	0.103272
19	55324171	0.0143149
19	55384356	0.733129
19	55994708	0.0429448
19	56350716	0.178937
19	57464875	0
19	57842974	0.596115
19	58279845	0.00511247
1	1032388	0.132924
1	1323947	0.160532
1	2025441	0.0153374
1	2623326	0.933538
1	3227170	0.0736196
1	3644858	0.152352
1	4235768	0.892638
1	4473263	0.150307
1	7095222	0.0562372
1	8228694	0.0899796
1	9139627	0.757669
1	10004882	0.723926
1	11252716	0.869121
1	11839435	0.997955
1	14197525	0.0613497
1	15459546	0
1	16451413	0.886503
1	16869901	0.518405
1	17062016	0.709611
1	19308155	0.322086
1	19903728	0.0828221
1	20586380	0.837423
1	21143733	0.809816
1	21307744	0.134969
1	21830340	0.529652
1	24861049	0.0306748
1	25876340	0.00511247
1	28088583	0.100204
1	28555426	0.221881
1	29491088	0.131902
1	29644184	0.093047
1	30064687	0.262781
1	30525681	0.248466
1	30773656	0.00102249
1	31255905	0.502045
1	32241227	0.390593
1	33538614	0.0102249
1	34141355	0.93456
1	34277722	0.919223
1	34486225	0.128834
1	35242436	0.0623722
1	36851843	0.116564
1	37584326	0.0490798
1	40152676	0.808793
1	40447053	0.267894
1	40987301	0.164622
1	42606766	0.231084
1	42757030	0.639059
1	46647972	0.998977
1	47386720	0.00511247
1	49127598	0.541922
1	52190145	0.0306748
1	53568099	0.207566
1	53845440	0.671779
1	54956262	0.0695297
1	56787384	0.485685
1	57627874	0
1	57767050	0.441718
1	58413084	0.271984
1	58853266	0.392638
1	62607616	0.146217
1	63042126	0.53272
1	63285033	0.147239
1	64029606	0.655419
1	64647608	0.570552
1	64793352	0
1	65723174	0.402863
1	66129646	0.47546
1	66805270	0.248466
1	67003458	0.45501
1	67287174	0.319018
1	67675883	0
1	68473073	0.759714
1	69786186	0.267894
1	72479322	0.0296524
1	73106029	0.45501
1	73180606	0.00102249
1	73322657	0.956033
1	73763426	0.0122699
1	73837417	0.666667
1	74474583	0.170757
1	74699099	0.0674847
1	76689130	0.0480573
1	77130386	0.355828
1	77475915	0.356851
1	78694556	0.496933
1	79391605	0.527607
1	79589631	0.112474
1	80054305	0.111452
1	80270404	0.0654397
1	80477722	0.104294
1	80613801	0.247444
1	80946753	0.091002
1	81150907	0.273006
1	81341758	0.383436
1	81745893	0.195297
1	82136226	0.357873
1	83114950	0.0531697
1	83550156	0.232106
1	84112765	0.431493
1	84324834	0.095092
1	84574282	0.348671
1	85203196	0.916155
1	85346224	0.099182
1	85488757	0.369121
1	86407018	0.113497
1	86478662	0.137014
1	86992947	0.112474
1	91093014	0.745399
1	91699151	0.343558
1	91929916	0.0725971
1	93179175	0.968303
1	94319732	0.0184049
1	94595597	0.162577
1	95048936	0.151329
1	95713758	0.0961145
1	96395343	0.213701
1	96470185	0.358896
1	96847486	0.305726
1	96917491	0.173824
1	98407367	0.095092
1	98774293	0.117587
1	99928109	0.341513
1	100286952	0.643149
1	100612675	0.587935
1	101883032	0.281186
1	102411194	0.47546
1	102484197	0.106339
1	104880306	0.208589
1	105046945	0.853783
1	105289465	0.248466
1	108582810	0.282209
1	108884883	0.54908
1	109804813	0
1	110334812	0.0807771
1	111208422	0.49182
1	111795352	0.157464
1	111990736	0.210634
1	113042549	0.0490798
1	113571836	0.538855
1	114057949	0.130879
1	114574233	0.927403
1	114705427	0.584867
1	117621281	0.198364
1	117765699	0.115542
1	119375130	0.270961
1	119446001	0.111452
1	119895261	0.142127
1	143517337	0.341513
1	146652118	0.110429
1	149065406	0.342536
1	151932375	0.937628
1	152764795	0.117587
1	153140359	0.0265849
1	155940948	0.659509
1	160258242	0.626789
1	161559327	0.740286
1	161700231	0.814928
1	163717209	0.595092
1	164540861	0.260736
1	165150126	0.612474
1	165216783	0.0552147
1	166660101	0.711656
1	168455065	0.176892
1	171396584	0.480573
1	171690238	0.0480573
1	171762125	0.104294
1	171915057	0.279141
1	173098695	0.0439673
1	173576971	0.00102249
1	173666177	0.102249
1	174488230	0.261759
1	175299301	0.690184
1	177780156	0.168712
1	178924615	0.488753
1	179363275	0.0224949
1	179428362	0.0224949
1	180530769	0.00613497
1	182040959	0.226994
1	182189739	0.389571
1	183371192	0.263804
1	183610416	0.0695297
1	183765630	0.0889571
1	184205634	0.560327
1	185188793	0.43047
1	185761151	0.0378323
1	187250261	0.629857
1	189067463	0.49182
1	189802438	0.162577
1	190622633	0.850716
1	191106026	0.355828
1	193935950	0.0224949
1	194349410	0.165644
1	194542413	0.535787
1	195217561	0.116564
1	196126735	0.158487
1	198288709	0.738241
1	198751393	0.358896
1	199741049	0.51227
1	199971363	0.941718
1	201080369	0.0654397
1	201326838	0.278119
1	202027755	0.0654397
1	202098078	0.358896
1	203487892	0.170757
1	203989800	0.0163599
1	204413748	0.653374
1	204625007	0.996933
1	204906600	0.112474
1	205334476	0.451943
1	205620895	0.0664622
1	208072697	0.113497
1	208280881	0.661554
1	209999051	0.547035
1	210387562	0.241309
1	211002395	0.0654397
1	211142834	0.184049
1	212444904	0
1	213050887	0.849693
1	215012412	0.278119
1	215095955	0
1	215845310	0.50818
1	216049162	0.211656
1	216184427	0.530675
1	216674316	0.386503
1	217022299	0.0889571
1	217356154	0.0112474
1	217415162	0.0787321
1	217474401	0.100204
1	219974057	0.0603272
1	221603142	0.114519
1	222234225	0.0582822
1	222542529	0.706544
1	226000303	0
1	226367874	0.0603272
1	226602510	0.188139
1	227333175	0
1	227983336	0.0623722
1	228193931	0.116564
1	229823966	0.403885
1	230594749	0.203476
1	232695646	0.151329
1	232892425	0.0777096
1	233030248	0.0869121
1	234410343	0.0501022
1	234812041	0.0654397
1	235160328	0.51636
1	237138582	0.212679
1	237481988	0.0296524
1	238157240	0.49182
1	238506357	0.222904
1	239569350	1
1	241880580	0.0521472
1	243451405	0.348671
1	246308279	0.730061
1	246647966	0.215746
1	247267668	0.52045
1	247611413	0
1	248143743	0
1	248266382	0
1	248525330	0.316973
20	138620	0.43865
20	779237	0.163599
20	1405756	0.755624
20	1474481	0.0102249
20	1539350	0.867076
20	2024688	0.901841
20	2089036	0.687117
20	2631075	0.43456
20	2842102	0.698364
20	3638518	0.113497
20	4188267	0.321063
20	4395778	0.383436
20	4532711	0.808793
20	5058088	0.779141
20	6336546	0.00102249
20	8407440	0.286299
20	10092626	0
20	11857213	0.646217
20	12577504	0.109407
20	12700976	0.0766871
20	13492998	0.138037
20	13877161	0.628834
20	14523712	0.333333
20	15747063	0.175869
20	18065024	0.149284
20	18721378	0.429448
20	19200608	0.0511247
20	20019147	0.0940695
20	21934525	0.538855
20	23312692	0.0102249
20	24728125	0.264826
20	25280781	0.50818
20	25708759	0.0490798
20	31289047	0.690184
20	33971085	0.413088
20	34346502	0.174847
20	37152920	0
20	37294883	0.591002
20	37366096	0.274029
20	37820996	0.191207
20	39876567	0.252556
20	40784747	0.0613497
20	42554374	0.095092
20	43265604	0.913088
20	43794070	0.135992
20	44228051	0.091002
20	46280584	0.0531697
20	46404712	0.155419
20	47047747	0.00102249
20	47341907	0.425358
20	47924908	0.112474
20	48924164	0.552147
20	49741474	0.176892
20	50062586	0.135992
20	50328487	0.911043
20	51450612	0
20	52213648	0.729039
20	52628524	0.0398773
20	53609874	0.156442
20	54372682	0
20	56052598	0.224949
20	56230137	0.0184049
20	56528352	0.106339
20	58284254	0
20	59722734	0.0398773
20	60130351	0.56135
20	60289603	0.406953
20	60989365	0.273006
21	11138265	0.50409
21	15632001	0.597137
21	15954528	0.273006
21	16679853	0
21	16812630	0.331288
21	16940401	0.225971
21	17001763	0.832311
21	18431308	0.705521
21	18537161	0.0961145
21	18583786	0.0685072
21	19066540	0.587935
21	19491628	0.0511247
21	19563425	0.265849
21	19636897	0.100204
21	20246704	0.0296524
21	21212781	0
21	21848069	0.583845
21	21963752	0.714724
21	22135991	0.805726
21	22784738	0.226994
21	23536587	0.187117
21	23932413	0.477505
21	24120742	0.984663
21	24253712	0
21	24389489	0.132924
21	24456769	0.109407
21	24996901	0.213701
21	25300358	0.154397
21	28828764	0.180982
21	29694821	0.757669
21	29765916	0.396728
21	31186894	0.0828221
21	31249960	0.0112474
21	31381148	0.130879
21	33924375	0.111452
21	34517455	0.0797546
21	36689751	0.113497
21	37377631	0.388548
21	38724829	0.0828221
21	39731391	0.131902
21	40080260	0.907975
21	40221279	0.441718
21	40350931	0.199387
21	40627020	0.379346
21	40828382	0.176892
21	41415044	0.343558
21	41601422	0.529652
21	41849478	0.232106
21	42356817	0.109407
21	42612880	0.0889571
21	43161805	0.668712
21	44632427	0.00306748
21	44923645	0.00306748
21	45141115	0.838446
21	46252318	0.320041
21	46454595	0.350716
21	46905041	0.158487
21	46947477	0.599182
21	47718633	0.550102
22	17747278	0.112474
22	18237906	0.0787321
22	19050878	0.56953
22	19535132	0.135992
22	19962769	0.731084
22	21560491	0.131902
22	22534363	0.52863
22	23056273	0.340491
22	23103832	0.425358
22	23551151	0.00204499
22	24119331	0.120654
22	25692224	0.283231
22	26190291	0.703476
22	27120203	0.134969
22	27257220	0.0582822
22	27672797	0.200409
22	29273028	0.146217
22	29512730	0.0143149
22	29934547	0.154397
22	31037602	0.385481
22	31336149	0.255624
22	32736667	0.222904
22	32860250	0.217791
22	34105222	0.208589
22	35997971	0.0122699
22	37070055	0.312883
22	37381343	0.288344
22	37509087	0.331288
22	37569796	0.906953
22	38071511	0.254601
22	38196837	0.891616
22	39264805	0.00306748
22	39894549	0.00102249
22	41374107	0.191207
22	43095457	0.988753
22	43540978	0.39775
22	45261328	0.795501
22	45858278	0.151329
22	45981504	0.412065
22	46591845	0.0419223
22	46657798	0.0787321
22	46719357	0.00817996
22	46815928	0.0899796
22	47130782	0.526585
22	47613543	0.0920245
22	47774429	0.141104
22	48679288	0.159509
22	49467981	0.102249
22	49560321	0.541922
22	50618066	0.0368098
2	258210	0.307771
2	854963	0.319018
2	1152946	0.893661
2	1810457	0.0685072
2	2191758	0.0582822
2	2728385	0.220859
2	3674077	0.0582822
2	4169089	0.00102249
2	5859603	0.0102249
2	6334830	0.501023
2	6582822	0.147239
2	7164812	0.328221
2	7582762	0.288344
2	8093026	0
2	9918758	0.389571
2	10239208	0.0562372
2	10739651	0.398773
2	10988517	0.151329
2	12043319	0.242331
2	12169010	0.0725971
2	12930405	0.0163599
2	14350328	0.44683
2	15227430	0.291411
2	16176894	0.177914
2	18072528	0.54499
2	18145021	0.155419
2	18465890	0.0562372
2	18529866	0.453988
2	19099097	0.567485
2	19514419	0.236196
2	19856960	0.623722
2	20042121	0.0828221
2	23337884	0.320041
2	23544311	0.185072
2	24168188	0.52045
2	25100738	0.431493
2	25956445	0.251534
2	26960055	0.0623722
2	28145313	0.102249
2	28481632	0.106339
2	29436633	0.633947
2	29698164	0.831288
2	29823352	0.802658
2	30342750	0.658487
2	30741913	0.698364
2	30941795	0.718814
2	32192141	0.104294
2	33098558	0.0961145
2	33228292	0.258691
2	34142201	0.50409
2	34644214	0.448875
2	35557894	0.00408998
2	36870416	0.197342
2	37235324	0.411043
2	37302180	0.193252
2	38524487	0.489775
2	38993777	0.93865
2	40927841	0.386503
2	42442163	0
2	42497913	0.114519
2	45542306	0.306748
2	45803035	0.373211
2	46400604	0.783231
2	47119806	0.200409
2	48040784	0.0163599
2	48744928	0.0204499
2	48861343	0.267894
2	51326497	0.281186
2	52346248	0.0112474
2	52644607	0.0736196
2	52808561	0.388548
2	54584738	0.700409
2	54844970	0.123722
2	55034113	0.893661
2	56108333	0.338446
2	56622818	0.513292
2	57247562	0.163599
2	57306578	0.0296524
2	57479702	0.120654
2	57718298	0
2	58892049	0.111452
2	59433022	0.743354
2	59896923	0.655419
2	60538243	0.643149
2	60739061	0.270961
2	64820733	0.281186
2	65448897	0.191207
2	66414782	0.141104
2	67608838	0.142127
2	69361621	0.0368098
2	70459227	0.441718
2	71214755	0.0889571
2	71270035	0.453988
2	71469011	0.874233
2	72339870	0.110429
2	73419367	0.195297
2	75458058	0.163599
2	75979892	0.276074
2	76363928	0.097137
2	76760870	0.720859
2	77367890	0.388548
2	78459643	0.0664622
2	80053619	0.00102249
2	81104506	0.374233
2	81230361	0.232106
2	81851587	0.0286299
2	82124086	0.441718
2	83762070	0.624744
2	83841825	0.137014
2	86923434	0.492843
2	87291652	0.0858896
2	89833145	0.0511247
2	98393894	0.121677
2	99379459	0.485685
2	101104652	0.0623722
2	101303625	0.338446
2	102431663	0.0552147
2	102511761	0.00102249
2	102984624	0.205521
2	103335754	0.127812
2	103561126	0.236196
2	103633789	0.00102249
2	104127109	0.190184
2	106012413	0.0419223
2	107219263	0.98773
2	107951720	0.49591
2	108536524	0.847648
2	110278197	0.0725971
2	112400825	0.00306748
2	113608823	0.346626
2	114479646	0.0961145
2	115063111	0.399796
2	116825042	0.0449898
2	117094197	0.0705521
2	117894381	0.884458
2	118019225	0.310838
2	118160828	0.155419
2	118350241	0.173824
2	118406824	0.0654397
2	119631220	0.215746
2	119886918	0.324131
2	121001451	0
2	121835283	0.387526
2	122665583	0.185072
2	123332354	0.435583
2	123973769	0.302658
2	124095615	0.840491
2	124275175	0.287321
2	125083298	0.187117
2	125551558	0.144172
2	126169657	0.154397
2	126766935	0.301636
2	126839337	0.0654397
2	127517228	0.392638
2	128110082	0.247444
2	128660235	0.123722
2	130179831	0.582822
2	132766337	0.233129
2	133435305	0.470348
2	133506387	0.0869121
2	133644246	0.305726
2	134783395	0.238241
2	135053117	0.5409
2	135342391	0.440695
2	135576890	0.0552147
2	138071239	0.0705521
2	138622180	0.834356
2	139499973	0.982618
2	139919694	0.151329
2	141627898	0.591002
2	142075788	0.469325
2	142199474	0.153374
2	143249298	0.103272
2	143692887	0.0654397
2	143916311	0.458078
2	144062815	0.0654397
2	145186749	0.315951
2	146573408	0.842536
2	151320822	0.0664622
2	151835317	0.539877
2	152135415	0.0920245
2	152892606	0.871166
2	153345413	0.132924
2	154993640	0.312883
2	155364830	0.555215
2	159061166	0.200409
2	159615541	0.119632
2	162352888	0.91002
2	162432494	0.0705521
2	162741508	0.0879346
2	163036308	0.0429448
2	165050549	0.258691
2	165999040	0.285276
2	167331603	0.551125
2	168224154	0.810838
2	168848831	0.286299
2	169352260	0.989775
2	169634963	0.0490798
2	170479662	0.124744
2	170778696	0.387526
2	173248951	0.0981595
2	174831023	0.47955
2	175079597	0.708589
2	177804944	0.822086
2	178551511	0.162577
2	178697529	0.0920245
2	179639297	0.9591
2	180261951	0.0817996
2	181271753	0.383436
2	181409601	0.137014
2	181917754	0.174847
2	182441862	0.168712
2	183052913	0.45092
2	184365753	0.266871
2	184503365	0.457055
2	187104885	0.097137
2	188539571	0.944785
2	191294529	0.357873
2	192163406	0.466258
2	192678266	0.212679
2	192986104	0.218814
2	193219056	0.091002
2	194228442	0.720859
2	194463663	0.93047
2	195671235	0.737219
2	198561735	0.120654
2	204173571	0.949898
2	206071402	0.123722
2	209057517	0
2	209622211	0.0214724
2	209944440	0.628834
2	210375378	0.842536
2	214003871	0.619632
2	216300795	0.303681
2	216523201	0.0715746
2	216886889	0.597137
2	216959230	0.205521
2	218711738	0.440695
2	219420694	0.00306748
2	220612810	0.560327
2	221166863	0.387526
2	222064941	0.320041
2	222267191	0.465235
2	222407442	0.377301
2	223873299	0.151329
2	224009048	0.912065
2	225131678	0.775051
2	228104454	0.836401
2	229252098	0.0940695
2	231425650	0.0807771
2	232507685	0.0705521
2	232985546	0.111452
2	233937896	0.137014
2	234574613	0.0419223
2	234829120	0.0521472
2	235648975	0.294479
2	236394141	0.60225
2	238554999	0.629857
2	239798594	0.439673
2	239941638	0.327198
2	241005516	0.547035
2	242327076	0.0899796
2	242759777	0.837423
3	259457	0.0501022
3	3030223	0.343558
3	3089219	0.152352
3	3533727	0.788344
3	3979796	0.417178
3	5094952	0.627812
3	5325924	0.586912
3	5433969	0.340491
3	5934444	0.777096
3	7428082	0.184049
3	7954629	0.108384
3	8817758	0.232106
3	8882406	0.150307
3	9274068	0.398773
3	9553006	0.0541922
3	10132460	0.132924
3	10320968	0.167689
3	10448426	0.778119
3	13150039	0.0858896
3	13715876	0.114519
3	14309514	0
3	14428788	0.920245
3	14826422	0.157464
3	15173371	0.107362
3	16161153	0.154397
3	16845144	0.263804
3	18517403	0.301636
3	18597255	0.0173824
3	19253068	0
3	19616897	0.0981595
3	19823532	0.142127
3	21307401	0.167689
3	22173759	0.919223
3	22718898	0.635992
3	22833761	0.874233
3	23158915	0.221881
3	24086300	0.127812
3	24275702	0.0766871
3	24747610	0.0787321
3	24933191	0.402863
3	25147501	0.406953
3	25880631	0.735174
3	27095656	0.162577
3	27301586	0.288344
3	27444392	0.364008
3	27645090	0.189162
3	30857228	0.449898
3	32012756	0.0511247
3	32157107	0.588957
3	34052342	0.480573
3	34861338	0
3	35278145	0.198364
3	36148763	0.59407
3	36212748	0.097137
3	37018991	0.215746
3	37485641	0.146217
3	37628954	0.310838
3	38085448	0.102249
3	39268725	0.423313
3	41136285	0.297546
3	43010683	0.00306748
3	43605688	0.834356
3	45653577	0.0306748
3	46468813	0.0204499
3	46851007	0.00511247
3	47090661	0
3	48293524	0.270961
3	49539401	0.200409
3	50637469	0.887526
3	50987194	0.893661
3	53066268	0.242331
3	54476770	0.0746421
3	55107944	0.0511247
3	55171127	0.345603
3	55363997	0.00511247
3	58049891	0.345603
3	58324283	0.0889571
3	61725220	0.664622
3	62841521	0.187117
3	64462678	0.702454
3	64780788	0.45092
3	64964661	0.660532
3	65307541	0.0593047
3	66134038	0.0541922
3	66853608	0.214724
3	68464042	0.365031
3	69648484	0.522495
3	71907532	0.627812
3	72361157	0.951943
3	73821584	0.0286299
3	74082903	0.264826
3	74608447	0.00102249
3	75594495	0.47955
3	75996625	0.00102249
3	76539092	0.266871
3	76682820	0.0705521
3	78280919	0.92638
3	79449839	0.432515
3	79738599	0.657464
3	80536788	0.639059
3	83849641	0.127812
3	84261341	0.114519
3	85950384	0.133947
3	88296807	0.961145
3	89649439	0.0316973
3	95005277	0.877301
3	95184863	0.551125
3	95313570	0.413088
3	95373871	0
3	95498844	0.605317
3	96805038	0.0777096
3	96880241	0.179959
3	97469435	0.307771
3	97790565	0.592025
3	97846458	0.563395
3	98109873	0
3	98306216	0.568507
3	98594902	0.194274
3	100827338	0.0531697
3	103299709	0.124744
3	103361353	0.598159
3	104178878	0.929448
3	104326460	0.574642
3	104777973	0.698364
3	105280205	0.555215
3	105488076	0.129857
3	106159393	0.547035
3	106725717	0.312883
3	106795695	0.92229
3	107720228	0.134969
3	107868661	0.0920245
3	109439443	0.152352
3	110166084	0.0552147
3	111529928	0.0132924
3	113004155	0.103272
3	115358824	0.42638
3	115728651	0.259714
3	116102745	0.0715746
3	116246864	0.208589
3	116651981	0.598159
3	116990816	0.273006
3	117056941	0.653374
3	117460638	0.113497
3	118669017	0.0623722
3	119016198	0
3	119372164	0.355828
3	120359421	0.208589
3	121020169	0.0787321
3	121712980	0.738241
3	121871331	0.563395
3	122854935	0.156442
3	123583879	0.761759
3	124202107	0.170757
3	125459083	0.246421
3	125493356	0.60225
3	126641756	0.0787321
3	127860479	0.164622
3	129272696	0.143149
3	131354616	0.225971
3	131690170	0.247444
3	132052401	0.152352
3	132512280	0.274029
3	132937947	0.277096
3	137160213	0.308793
3	137682900	0.652352
3	137836353	0.615542
3	140138554	0.0920245
3	140415361	0.00306748
3	140634101	0.0654397
3	141128804	0.121677
3	144590263	0.0869121
3	144660477	0.698364
3	144944044	0.865031
3	145495730	0.0408998
3	146257393	0.222904
3	147302194	0.51227
3	147862402	0.376278
3	148302338	0.157464
3	148818772	0
3	149379353	0.123722
3	149767539	0.161554
3	149839729	0.00613497
3	151140556	0.810838
3	153242983	0.148262
3	153889601	0.441718
3	155758614	0.0838446
3	156908720	0.184049
3	156991097	0.176892
3	158168585	0.132924
3	158247007	0.0899796
3	158557459	0.125767
3	159137759	0.237219
3	160220716	0.121677
3	160681614	0.317996
3	160836700	0.56953
3	163216268	0.0899796
3	163513470	0.945808
3	163660882	0.116564
3	164196906	0.0470348
3	164341382	0.168712
3	165612909	0.0797546
3	167870265	0.0654397
3	170223550	0.0102249
3	171827336	0.0449898
3	172046933	0.703476
3	172846749	0.109407
3	173158103	0.185072
3	174123537	0.760736
3	174352297	0.305726
3	174490143	0.43047
3	175200194	0.488753
3	176021945	0.533742
3	176373380	0.847648
3	176926429	0.367076
3	177276418	0.391616
3	178444271	0.711656
3	178750644	0.817996
3	178911975	0.0879346
3	180648682	0.292434
3	181940645	0.0633947
3	183089760	0.113497
3	183730116	0
3	184485841	0.142127
3	186000722	0.278119
3	187139513	0.927403
3	188646633	0
3	189778883	0.245399
3	189900554	0.130879
3	190695356	0.155419
3	191176545	0.583845
3	191792018	0.0981595
3	192907683	0.878323
3	193684005	0.0143149
3	193744854	0.52045
3	194064402	0
3	194251804	0.685072
3	194308765	0.0807771
3	194363175	0.222904
3	194666803	0.0449898
3	194776943	0.124744
3	195232655	0.154397
3	195597549	0.881391
3	195724614	0.0797546
3	196045555	0.713701
3	196247440	0.464213
3	196948655	0.769939
3	197258289	0.180982
3	197884429	0.202454
4	506372	0.0429448
4	726322	0.4182
4	1254930	0.949898
4	1310448	0.0920245
4	1560645	0.0398773
4	2358232	0.367076
4	2669409	0.0204499
4	3928134	0.331288
4	4079124	0.0869121
4	4120743	0.338446
4	5525378	0
4	7216154	0.355828
4	7876390	0.156442
4	8291102	0.476483
4	8697488	0.174847
4	8792701	0.248466
4	8868171	0.0449898
4	9093536	0.279141
4	9418944	0.093047
4	9979279	0.537832
4	11115352	0.115542
4	11490786	0.345603
4	11549298	0.620654
4	11836893	0.169734
4	12793585	0.364008
4	13927930	0.112474
4	15499251	0.52454
4	16298575	0.226994
4	16862164	0.144172
4	16930525	0.0848671
4	18324844	0.680982
4	19521505	0.823108
4	21117046	0.184049
4	21375450	0.0593047
4	21637244	0.0582822
4	22176328	0.186094
4	24340511	0.185072
4	27620640	0.150307
4	29924629	0.0419223
4	30604773	0.314928
4	32454478	0.099182
4	34107879	0.146217
4	34868958	0.262781
4	35366128	0.0715746
4	35602061	0.216769
4	35718067	0.395706
4	35852682	0.92229
4	36131060	0.433538
4	37004743	0.375256
4	37557342	0.429448
4	38235883	0.668712
4	38578137	0.0378323
4	38979682	0
4	39129844	0.534765
4	39829849	0.180982
4	41320231	0.260736
4	42618822	0.257669
4	42751332	0.210634
4	43892682	0.116564
4	44577166	0.0961145
4	46027834	0.329243
4	46709927	0.140082
4	47480558	0.0797546
4	54243141	0.0460123
4	54462212	0.113497
4	54596795	0.0490798
4	55096270	0.267894
4	55769394	0
4	56158891	0.00920245
4	56519241	0.236196
4	58144650	0
4	58720485	0.313906
4	60006819	0.703476
4	60064254	0.693252
4	61226168	0.0449898
4	62032070	0.284254
4	62172534	0.857873
4	62313287	1
4	62390461	0.874233
4	62610696	0.0194274
4	63537123	0.091002
4	63769930	0.249489
4	64668641	0.127812
4	64796557	0.828221
4	65869002	0.208589
4	66382876	0.160532
4	66513573	0.529652
4	66961462	0.165644
4	68043486	0.494888
4	68243568	0.674847
4	68468228	0.323108
4	68690277	0.0777096
4	69610004	0.149284
4	69952082	0.601227
4	70171938	0.358896
4	70765008	0.431493
4	71013320	0.986708
4	71079513	0.501023
4	71213394	0.156442
4	73492494	0
4	73552093	0.0572597
4	73679419	0.129857
4	73733122	0.300613
4	75370215	0.170757
4	75977301	0.477505
4	76514614	0.116564
4	78250309	0.212679
4	79518887	0.00817996
4	79982533	0.92638
4	80769324	0.915133
4	81545638	0.0122699
4	82942076	0.167689
4	83241134	0.108384
4	84201479	0.949898
4	85273310	0
4	86116461	0.259714
4	86690079	1
4	87238031	0.415133
4	87955544	0.0920245
4	88102967	0.396728
4	88252573	0
4	90100948	0.741309
4	90573045	0.206544
4	90721637	0.0940695
4	91001043	0.628834
4	92266330	0.00817996
4	92784430	0.110429
4	94069057	0.0582822
4	95307175	0.390593
4	96168719	0.535787
4	96581564	0.375256
4	96892392	0.0664622
4	97422013	0.129857
4	97554263	0.354806
4	97921253	0.101227
4	99991642	0.0327198
4	100062466	0.0981595
4	100301241	0.513292
4	100533913	0.0593047
4	102509402	0.751534
4	103377005	0.0511247
4	103757641	0.492843
4	104274018	0.0194274
4	104740652	0.255624
4	105858508	0.292434
4	105938179	0.613497
4	106318207	0.56135
4	106527165	0.0501022
4	106765915	0.0204499
4	108228806	0.00102249
4	108830476	0.0858896
4	109225926	0.0245399
4	111211234	0.183027
4	112246738	0.816973
4	112865123	0.00306748
4	114089743	0.170757
4	114164585	0.42229
4	115216911	0.0633947
4	115654365	0.424335
4	115727643	0.091002
4	115871031	0.46319
4	116952614	0.490798
4	117301183	0.0224949
4	117429916	0.246421
4	117493204	0.568507
4	117616344	0.294479
4	117909549	0.145194
4	118340506	0.279141
4	119624641	0.291411
4	119704744	0.404908
4	119918448	0
4	121296151	0.639059
4	121436033	0.49182
4	122199104	0.333333
4	122617688	0.165644
4	125199539	0.0357873
4	125558866	0.0623722
4	125775711	0.164622
4	126940603	0.630879
4	127341052	0.184049
4	128150332	0.962168
4	128950238	0.754601
4	129443161	0.684049
4	130940921	0.505112
4	131277455	0.469325
4	131804615	0.321063
4	132456338	0.107362
4	133042575	0.478528
4	133249614	0.196319
4	134022957	0.404908
4	136072657	0.142127
4	136415590	0.0756646
4	136804680	0.564417
4	137494323	0.341513
4	138642592	0.297546
4	140562182	0.0633947
4	143282778	0.396728
4	144028568	0.474438
4	144706639	0.321063
4	149572193	0.178937
4	150375347	0.612474
4	150829872	0.370143
4	151035926	0.261759
4	152321881	0.638037
4	153532240	0.206544
4	153970294	0.736196
4	154401582	0.093047
4	155916134	0.0378323
4	156054738	0.693252
4	156121736	0
4	157365984	0.809816
4	158687138	0.54908
4	158758849	0.835378
4	160157642	0.423313
4	160233232	0.43047
4	160906981	0.103272
4	161987951	0.0899796
4	164216739	0.239264
4	164645477	0.0869121
4	164992023	0.0102249
4	165061164	0.615542
4	165122509	0.0173824
4	165268669	0.158487
4	165548634	0.00920245
4	166574759	0.853783
4	167322741	0.0276074
4	167465716	0.195297
4	167537183	0.168712
4	169404302	0.093047
4	170130214	0.0449898
4	171299485	0.973415
4	171634823	0.0112474
4	172408167	0.327198
4	172542643	0.622699
4	174834295	0.329243
4	175264703	0.110429
4	175480636	0.205521
4	175622590	0.825153
4	175832662	0.610429
4	177227998	0.440695
4	177857218	0.719836
4	177998168	0.122699
4	178426044	0.583845
4	179369002	0.219836
4	180932666	0.00715746
4	181945567	0.0756646
4	182068097	0.440695
4	182311061	0.728016
4	182369214	0.174847
4	183737933	1
4	183928174	0.814928
4	184974235	0.358896
4	185424511	0.161554
4	185811189	0.0807771
4	185981730	0
4	186658780	0.0807771
4	187413194	0.481595
4	188529342	0.807771
4	188800733	0.0501022
4	188863191	0.613497
4	189251165	0.140082
4	189897845	0.165644
4	190402838	0.0848671
4	190526823	0.355828
5	304462	0.0582822
5	1066739	0.45092
5	1652224	0.139059
5	3539652	0.185072
5	6567922	0.723926
5	7242819	0.276074
5	8195096	0.0736196
5	8535527	0.708589
5	10002720	0.361963
5	10067486	0.0265849
5	11822748	0.0920245
5	12472314	0.153374
5	12824619	0.214724
5	13926197	0.622699
5	14390577	0.128834
5	14520036	0.460123
5	16021557	0.124744
5	16981743	0.331288
5	17382703	0.530675
5	18142966	0.57771
5	19001898	0.484663
5	19072329	0.472393
5	19143429	0.498978
5	19302090	0.278119
5	20800122	0.95092
5	21861582	0.159509
5	23098416	0.116564
5	24554171	0.153374
5	24884404	0.253579
5	25631478	0.576687
5	26368149	0.706544
5	26622364	0.123722
5	27955741	0.452965
5	28093125	0.576687
5	28507234	0.396728
5	29334117	0.478528
5	30825689	0.252556
5	33108686	0.298569
5	33596224	0.599182
5	34570537	0.39775
5	35129621	0.107362
5	36201336	0.9591
5	36555055	0.614519
5	36781051	0.560327
5	37800221	0.380368
5	39118413	0.122699
5	39456098	0.0337423
5	40247047	0.252556
5	40951368	0.166667
5	41148125	0.301636
5	41825798	0.280164
5	41988664	0.0889571
5	43718220	0.112474
5	43952084	0.126789
5	45538384	0.722904
5	49687465	0.47546
5	50075654	0.160532
5	50216352	0.214724
5	51123251	0.233129
5	51518141	0.180982
5	52062052	0.270961
5	53635364	0.598159
5	53704541	0.0327198
5	53914809	0.134969
5	54190247	0.0224949
5	54931106	0.655419
5	55079518	0.138037
5	55579789	0.0408998
5	56074451	0.489775
5	56664596	0.305726
5	60308836	0.172802
5	61385606	0.216769
5	61782110	0.689162
5	62552497	0.103272
5	62694441	0.826176
5	63036898	0.784254
5	63783781	0.44683
5	64902292	0.0378323
5	65065028	0.617587
5	65662467	0.197342
5	66161010	0.484663
5	66737802	0.159509
5	66962521	0.0961145
5	71387306	0.705521
5	73092269	0.201431
5	73303169	0.321063
5	74904326	0.237219
5	75720649	0.393661
5	75940274	0.788344
5	76372709	0.139059
5	77931536	0.00204499
5	78828196	0.361963
5	79619755	0.188139
5	80500967	0.126789
5	80575775	0.273006
5	80723693	0.239264
5	82001631	0.281186
5	82361374	0.58998
5	82508576	0.568507
5	82831359	0.107362
5	83199000	0.44683
5	83982004	0.231084
5	84885351	0.0143149
5	85228018	0.662577
5	86803812	0.270961
5	87290221	0.182004
5	87368073	0.713701
5	88924503	0.755624
5	90835224	0.255624
5	91064360	0.286299
5	94006802	0.104294
5	95877665	0.700409
5	96393085	0.373211
5	96464878	0.502045
5	96733853	0.614519
5	97015988	0.221881
5	98676531	0.307771
5	100575164	0.648262
5	101128989	0.798568
5	103924699	0.228016
5	105921679	0.456033
5	106935614	0.205521
5	108060101	0.0633947
5	108531305	0.107362
5	109253683	0.0889571
5	111227702	0.249489
5	112016025	0.413088
5	113496557	0.501023
5	113558335	0.865031
5	113622874	0.118609
5	114249837	0.0173824
5	114419303	0
5	115082586	0.0316973
5	115639978	0.0705521
5	116126220	0.576687
5	118853360	0.214724
5	120592185	0.308793
5	121074025	0.093047
5	121391483	0.0531697
5	122238387	0.826176
5	122882380	0.421268
5	123024520	0.568507
5	125585574	0.695297
5	126133293	0.395706
5	127057148	0.0889571
5	127601136	0
5	128198263	0.40593
5	128268601	0.174847
5	128395927	0.749489
5	129174140	0.966258
5	129248302	0.97137
5	129618633	0.151329
5	131187826	0.749489
5	131783213	0.683027
5	132401730	0.230061
5	133531028	0.747444
5	134689300	0.0388548
5	134833869	0.292434
5	136420127	0.0725971
5	139147683	0.839468
5	140992235	0.601227
5	142203207	0.152352
5	142877286	0.224949
5	143919661	0.203476
5	144114347	0.492843
5	144811059	0.376278
5	145512390	0.188139
5	145734986	0.111452
5	147105672	0.244376
5	149963185	0.354806
5	150534919	0.793456
5	150673848	0.00102249
5	150739932	0.460123
5	152120504	0.175869
5	152405169	0.603272
5	152621984	0.0572597
5	152748516	0.700409
5	153107480	0.759714
5	155208788	0.0490798
5	156112766	0.00715746
5	156330661	0.203476
5	157933592	0.315951
5	158535041	0.0838446
5	158782068	0.884458
5	159639906	0.161554
5	160196659	0.282209
5	161859854	0.107362
5	162759554	0.606339
5	164444398	0.0408998
5	165700298	0.417178
5	166970306	0.0163599
5	167117853	0.554192
5	168310585	0.0869121
5	168702502	0.351738
5	168918606	0.352761
5	169542281	0.0899796
5	170212127	0.190184
5	170802443	0.52045
5	171557395	0.0838446
5	171828573	0.361963
5	172498259	0.556237
5	173125293	0.0214724
5	174057150	0.243354
5	174190130	0.902863
5	174652439	0.172802
5	176003960	0.836401
5	178269126	0.647239
5	178453837	0.312883
5	178526105	0.448875
5	179258901	0.620654
5	179765467	0.423313
5	180068239	0.362986
5	180320867	0.0981595
6	580323	0.338446
6	1281235	0.0327198
6	2068725	0.00613497
6	2926077	0.0838446
6	3828230	0.801636
6	3894981	0.0204499
6	4435289	0.58998
6	5016475	0.951943
6	5087422	0.0817996
6	5952667	0.584867
6	6611909	0.208589
6	8215963	0.303681
6	9328847	0.440695
6	9744561	0.165644
6	10419163	0
6	11821628	0.0940695
6	13181008	0.00204499
6	14745282	0.900818
6	15237449	0.502045
6	15985534	0.302658
6	16298866	0.110429
6	16807092	0.127812
6	16956041	0.154397
6	17378471	0.522495
6	17588158	0.258691
6	19397061	0.208589
6	19592564	0.0408998
6	20992970	0.869121
6	21154412	0.200409
6	23148266	0.560327
6	23801251	0.317996
6	24086836	0.648262
6	24685021	0.700409
6	25545151	0.469325
6	26270961	0.0807771
6	26566368	0.206544
6	29675676	0.651329
6	29839502	0.156442
6	29885774	0.821063
6	29918538	0.0501022
6	30092707	0.742331
6	30229694	0.510225
6	31087310	0.816973
6	31307715	0.290389
6	31336960	0.142127
6	32410716	0.54908
6	32491945	0.578732
6	32523581	0.510225
6	32552134	0.220859
6	32579549	0.696319
6	32602430	0.240286
6	32628084	0.0633947
6	32649180	0.295501
6	33080360	0.0214724
6	33730095	0.261759
6	33796109	0.0879346
6	34864646	0.135992
6	35620627	0.215746
6	36068303	0.0633947
6	36356002	0.440695
6	36710269	0.223926
6	36910017	0.216769
6	37100772	0.730061
6	39162806	0.109407
6	39281456	0.332311
6	40174808	0.344581
6	40494855	0.562372
6	44665034	0.830266
6	44730395	0.558282
6	45176540	0.884458
6	45397050	0.635992
6	47104856	0.451943
6	47518939	0.689162
6	47849551	0.657464
6	49287716	0.678937
6	49419864	0.423313
6	50035034	0.150307
6	51224727	0.220859
6	52028725	0.0736196
6	52163964	0.49591
6	52539268	0.830266
6	53206499	0.291411
6	54642652	0.114519
6	56304126	0.0828221
6	56386814	0.637014
6	57588996	0.117587
6	58035085	0.0521472
6	58742565	0.287321
6	62197601	0.0552147
6	62281811	0.210634
6	63020939	0.259714
6	63145528	0.775051
6	65082399	0.729039
6	65149347	0.00715746
6	65403943	0.746421
6	65538168	0.46728
6	66073433	0.362986
6	66408475	0.551125
6	66534214	0.118609
6	66913681	0.579755
6	67217053	0.900818
6	67455466	0.0654397
6	67573539	0.44683
6	68505832	0.351738
6	68893545	0.325153
6	70298145	0.825153
6	70364881	0.0276074
6	70443883	0.472393
6	70970115	0.120654
6	71164013	0.140082
6	71674547	0.179959
6	72501165	0.49591
6	72710793	0.204499
6	73219047	0.0981595
6	73917645	0.218814
6	74632297	0.638037
6	74764272	0.599182
6	74900425	0.56544
6	75085873	0.0562372
6	75415209	0.00204499
6	75550236	0.162577
6	76867534	0.554192
6	76925132	0.754601
6	77158764	0.129857
6	77684060	0.44683
6	78034526	0.187117
6	78407597	0.0736196
6	79014592	0.916155
6	79148644	0.268916
6	80294218	0.0204499
6	80723229	0.163599
6	81207262	0.158487
6	81557836	0.173824
6	82837711	0.0736196
6	83281761	0.0756646
6	83800898	0.0797546
6	85870792	0.274029
6	86062148	0.847648
6	86822565	0.00817996
6	88443876	0.870143
6	89886923	0.345603
6	90950736	0.661554
6	93692672	0.574642
6	95965656	0.00920245
6	96268009	0.692229
6	96397261	0.630879
6	96538609	0.179959
6	97120356	0.375256
6	97202102	0.126789
6	97756290	0.325153
6	98498892	0.621677
6	100279683	0.679959
6	103653760	0.0490798
6	104266857	0.173824
6	105519194	0.867076
6	105665214	0.159509
6	106781896	0.693252
6	106848210	0.791411
6	107326433	0.429448
6	108079834	0.186094
6	108786063	0.324131
6	109031563	0.165644
6	110443385	0.0674847
6	112298599	0.0715746
6	112368578	0.339468
6	113367106	0.695297
6	114382016	0.0899796
6	115683039	0
6	115834247	0.751534
6	118382684	0
6	118840039	0.340491
6	119590609	0.603272
6	120896898	0.104294
6	120970888	0.178937
6	121046310	0.368098
6	121114267	0.435583
6	121187812	0.572597
6	121256344	0.382413
6	122380054	0.0204499
6	123567474	0
6	124993647	0.0644172
6	125438073	0.488753
6	127121564	0.424335
6	129311737	0.180982
6	130056073	0.0316973
6	130620680	0.269939
6	131175997	0.325153
6	133144449	0.115542
6	133941472	0.53681
6	134472610	0.0470348
6	135946439	0.439673
6	136535057	0.0736196
6	137312547	0.998977
6	137521374	0.292434
6	137988709	0.124744
6	138122262	0.835378
6	139598319	0.255624
6	139805792	0
6	139951585	0.299591
6	141564290	0.773006
6	143097355	0.604294
6	144001128	0.293456
6	146680760	0.170757
6	149607060	0.215746
6	150209196	0.478528
6	150615876	0.780164
6	151364875	0.878323
6	151496364	0.373211
6	151567175	0.0879346
6	152265659	0.0173824
6	152401938	0.0276074
6	153614932	0
6	153972582	0.443763
6	156308324	0.0777096
6	157960256	0.413088
6	158085284	0.289366
6	160798048	0.225971
6	161004491	0.108384
6	161349884	0
6	162591311	0.896728
6	162712953	0.0235174
6	162896475	0.375256
6	163927784	0.857873
6	164065102	0.969325
6	165186796	0.44683
6	165904813	0.0388548
6	167211801	0.518405
6	167657394	0.411043
6	167711094	0.132924
6	168290384	0.746421
6	168569580	0.233129
6	168623545	0.0194274
6	168738746	0.484663
6	169033040	0.488753
6	169962700	0.531697
6	170492285	0.0736196
6	170796900	0.336401
7	1068691	0.00613497
7	1164368	0.00817996
7	1373797	0.00715746
7	1668813	0.267894
7	2160336	0.0633947
7	2211937	0.189162
7	2533602	0.0777096
7	4214505	0.0102249
7	4765018	0.693252
7	5063090	0.461145
7	5728537	0.129857
7	5834474	0
7	6456669	0.56953
7	6972543	0.620654
7	7134459	0.45092
7	7905413	0.119632
7	10045019	0.0122699
7	11260916	0.153374
7	11677840	0.257669
7	12097457	0.172802
7	12483077	0.0449898
7	12598409	0.346626
7	13488095	0.255624
7	13669204	0.304703
7	15000873	0.238241
7	15913289	0.583845
7	16417094	0.112474
7	16543230	0.0276074
7	17219748	0.407975
7	19138505	0.482618
7	19540101	0.169734
7	19694632	0.171779
7	19753782	0.0623722
7	20080429	0.113497
7	20943412	0
7	21147437	0.0899796
7	21465133	0.306748
7	22757089	0.432515
7	22883835	0.114519
7	22955068	0.321063
7	23028305	0.56953
7	25415714	0.169734
7	25952710	0.187117
7	28466783	0.0644172
7	30408353	0.180982
7	31586769	0.296524
7	32063381	0.117587
7	32831887	0.201431
7	33937625	0.642127
7	34381854	0.257669
7	35084302	0.0807771
7	36585410	0.00204499
7	37735900	0.387526
7	37953096	0.104294
7	38631857	0.161554
7	40020209	0.297546
7	40396366	0.0214724
7	41307633	0.149284
7	42582010	0.0408998
7	45505152	0.847648
7	46073299	0.804703
7	46658925	0
7	49200835	0.981595
7	51825899	0.0521472
7	51954569	0.826176
7	52519258	0.674847
7	52760671	0.55726
7	52818090	0.0787321
7	53048550	0.53272
7	53285473	0.312883
7	54189522	0.228016
7	54247350	0.840491
7	54316866	0.137014
7	57389233	0.770961
7	57506751	0.0552147
7	58025169	0
7	61250260	0.229039
7	62070460	0
7	62146819	0.217791
7	62453778	0.43456
7	63705941	0.0480573
7	63922735	0.286299
7	64005228	0.325153
7	64681703	0.386503
7	64900721	0.415133
7	66801576	0.0787321
7	67257969	0.162577
7	68092019	0.223926
7	68868011	0.247444
7	70282219	0.265849
7	70931358	0.294479
7	71061750	0.163599
7	71392484	0.104294
7	71519406	0.880368
7	72306384	0.139059
7	73644787	0.095092
7	74455474	0.281186
7	75606109	0.687117
7	75668329	0.542945
7	75806299	0.754601
7	77128216	0.200409
7	79234796	0.0603272
7	80101213	0.0715746
7	80652302	0.284254
7	80715165	0.297546
7	81104394	0.304703
7	81566761	0.224949
7	81783979	0.235174
7	82003787	0.375256
7	82283309	0.556237
7	82424231	0.149284
7	83226950	0.311861
7	85007066	0.519427
7	85916943	0.943763
7	86351217	0.253579
7	86966042	0.667689
7	87124959	0.112474
7	88652809	0.722904
7	88794466	0.488753
7	89644425	0.260736
7	92692241	0.182004
7	93026328	0.534765
7	93510131	0.0224949
7	94931271	0.0858896
7	97155016	0
7	97299464	0.192229
7	97634963	0.39775
7	98321862	0.662577
7	100744777	0.0122699
7	101132338	0.277096
7	101983421	0.182004
7	102959379	0.141104
7	103037411	0.795501
7	103315179	0.0224949
7	103436154	0.248466
7	104097663	0.686094
7	104159525	0.176892
7	104223762	0.163599
7	104731338	0.421268
7	105818520	0.289366
7	106086584	0.259714
7	107098877	0.155419
7	108922378	0.0817996
7	109279744	0.345603
7	110686211	0.0715746
7	113826438	0.00920245
7	113986556	0.104294
7	114911939	0.165644
7	115218271	0.00613497
7	115519796	0.0807771
7	115593960	0.0644172
7	117558892	0.893661
7	118859659	0.0286299
7	120129659	0.0797546
7	122448393	0.183027
7	122678150	0.274029
7	123971053	0.110429
7	124398196	0.398773
7	127651281	0.0316973
7	128892536	1
7	133832017	0.837423
7	135678299	0.191207
7	135808060	0.130879
7	137041777	0.356851
7	138549075	0.0388548
7	139646514	0.724949
7	140151648	0.151329
7	143020780	0.324131
7	144767687	0.193252
7	144964831	0.364008
7	145164804	0.0460123
7	145503262	0.231084
7	146626250	0.40184
7	147016786	0.555215
7	147562715	0.708589
7	147683635	0.842536
7	149620581	0.998977
7	151373991	0.189162
7	151955297	0.091002
7	153063175	0.396728
7	153524571	0
7	155608923	0.586912
7	155927105	0.57771
7	156109694	0.0940695
7	156434675	0.114519
7	156648334	0.207566
7	157671763	0.106339
7	158075769	0.60225
8	188131	0.372188
8	273258	0.317996
8	786916	0.537832
8	923513	0.145194
8	1273426	0.141104
8	1821774	0.268916
8	1911063	0.529652
8	2411645	0.0327198
8	3172253	0.812883
8	3322499	0.151329
8	3657115	0.287321
8	3738568	0.176892
8	3842721	0.521472
8	3961693	0.376278
8	4103130	0.416155
8	5020466	0.490798
8	5461562	0.189162
8	5497151	0.994888
8	5777673	0.107362
8	5920189	0.00920245
8	6378210	0.0316973
8	6421277	0.0899796
8	6897885	0.433538
8	8596181	0.232106
8	9165380	0.431493
8	9916930	0.439673
8	10322948	0.396728
8	10445051	0.96319
8	11347107	0.0705521
8	12181570	0.0511247
8	12516200	0.305726
8	13312482	0.548057
8	14225968	0.0173824
8	15243699	0.462168
8	16084696	0.623722
8	16136686	0.140082
8	16723340	0.133947
8	16921890	0.0705521
8	17098564	0.0460123
8	17206588	0.0245399
8	17393284	0.0194274
8	18535389	0.0449898
8	19207176	0.099182
8	20051578	0.649284
8	20682145	0.199387
8	20796299	0.0163599
8	22439956	0.209611
8	22803672	0.0184049
8	23219718	0.332311
8	23942510	0.100204
8	24907236	0.316973
8	26355747	0.51227
8	26620521	0.46319
8	28033402	0.267894
8	28167580	0.310838
8	28996321	0.187117
8	29452409	0.615542
8	32454104	0.472393
8	33938229	0.00306748
8	34418614	0.159509
8	35409145	0.192229
8	39243380	0.00817996
8	39333498	0.308793
8	39776922	0.0398773
8	39841583	0.246421
8	41620112	0.259714
8	42060293	0.00204499
8	42282598	0.0214724
8	42354257	0.376278
8	43251461	0.168712
8	47396013	0.452965
8	47437354	0.439673
8	49074626	0.309816
8	49277870	0.256646
8	50059587	0.511247
8	50118608	0.264826
8	50625293	0.989775
8	51453374	0.478528
8	52071210	0.0122699
8	54338463	0.191207
8	55832755	0.127812
8	56171131	0.346626
8	57438048	0.355828
8	57775276	0.237219
8	58926966	0.752556
8	59284854	0.0746421
8	59429512	0.119632
8	60224397	0.419223
8	61412097	0.0235174
8	62845516	0.194274
8	63659367	0.547035
8	64579745	0.822086
8	68913035	0.673824
8	68983584	0.570552
8	69422936	0.114519
8	70752861	0.0562372
8	70955207	0.40184
8	71106304	0.468303
8	72642493	0.355828
8	72843805	0.0501022
8	73055180	0.120654
8	75215430	0.0316973
8	75288794	0.513292
8	77259902	0.0419223
8	77695388	0.169734
8	78124967	0.302658
8	78464809	0.154397
8	78526277	0.0756646
8	78664579	0.153374
8	78735355	0
8	78951749	0.534765
8	79252302	0.461145
8	80184838	0.0460123
8	80261062	0.42638
8	80796134	0.646217
8	82663947	0.843558
8	83421588	0.112474
8	83981980	0.093047
8	84378403	0.0613497
8	84570314	0.143149
8	86352758	0.393661
8	87212302	0.233129
8	87348720	0.641104
8	87856462	0.534765
8	88412755	0.366053
8	88815135	0.246421
8	90235911	0.0132924
8	91014154	0.0112474
8	91171735	0.538855
8	91685814	0.470348
8	92659644	0.00511247
8	92808851	0.244376
8	94166637	0.0265849
8	95011614	0.0204499
8	95621028	0.149284
8	95692011	0.686094
8	96502418	0.176892
8	96717974	0.285276
8	96791051	0.382413
8	97016109	0.488753
8	99075587	0.172802
8	100686031	0.0920245
8	101638424	0.266871
8	101840244	0.295501
8	102121365	0.254601
8	102677805	0.601227
8	102745351	0.232106
8	103191667	0.749489
8	104588494	0.0562372
8	105468379	0.607362
8	106049672	0.179959
8	106269243	0.429448
8	106720501	0.380368
8	108698283	0.376278
8	109141570	0.278119
8	112704562	0.316973
8	113221430	0.121677
8	113368547	0.436605
8	114547329	0.865031
8	114831373	0.127812
8	115483210	0.204499
8	115721881	0.097137
8	116076926	0.53272
8	116537058	0.627812
8	118922507	0.53272
8	119072448	0
8	122516931	0.0521472
8	122664506	0.00920245
8	122879061	0.0490798
8	125288681	0.713701
8	125367500	0.375256
8	125576082	0.260736
8	126547207	0.0817996
8	126960819	0.935583
8	127546182	0.791411
8	127829177	0.0245399
8	129071537	0.149284
8	129448014	0.332311
8	131584754	0.238241
8	131780406	0.120654
8	132715046	0.859918
8	133883102	0.462168
8	135391211	0.339468
8	136098668	0.357873
8	136757758	0.0501022
8	137002061	0.0419223
8	138545911	0.139059
8	139077124	0.645194
8	139140876	0.0633947
8	140505919	0.142127
8	140728816	0.0654397
8	142144899	0.00306748
8	143858846	0.310838
8	143913948	0.439673
8	145881333	0.439673
8	146141474	0.203476
9	442272	0.826176
9	633350	0.0644172
9	1338853	0.161554
9	2536319	0.419223
9	4211977	0.0316973
9	4672712	0.571575
9	4777725	0.278119
9	7208342	0.462168
9	9290343	0.221881
9	10081387	0.478528
9	10130199	0.290389
9	10182184	0.119632
9	11857774	0.198364
9	12110786	0.574642
9	12372197	0.217791
9	12666562	0.322086
9	13725313	0.191207
9	14025101	0.639059
9	14151853	0.786299
9	14798967	0.292434
9	16299039	0.112474
9	16955672	0.0102249
9	17746365	0.119632
9	18641557	0.0204499
9	19477780	0.0102249
9	20382226	0.0173824
9	21844643	0.278119
9	22833369	0.587935
9	25142709	0.261759
9	26411670	0
9	26648358	0.129857
9	27103307	0.220859
9	27844665	0.0511247
9	27969578	0.0756646
9	28214686	0.0194274
9	28792620	0.0940695
9	28860018	0.838446
9	28922356	0.575665
9	29515267	0.832311
9	29776513	0.152352
9	29977862	0.172802
9	30308011	0.0419223
9	31086948	0.0204499
9	31262324	0.286299
9	31888418	0.232106
9	37001471	0.417178
9	38380103	0.353783
9	38648775	0.352761
9	44124671	0.731084
9	65632583	0.330266
9	68187358	0.788344
9	68478408	0.340491
9	71116955	0.357873
9	71732036	0.159509
9	73088028	0.121677
9	73830386	0.517382
9	76172980	0.618609
9	76392885	0.825153
9	77901998	0.095092
9	78371589	0.831288
9	78942572	0.106339
9	79444740	0.494888
9	79701771	0.264826
9	81491999	0.45092
9	82457350	0.0664622
9	83644264	0.626789
9	83786452	0.173824
9	83860713	0.620654
9	83929252	0.0112474
9	84497199	0.0378323
9	85095497	0.320041
9	85330183	0.112474
9	85477109	0.115542
9	87024447	0.105317
9	87514761	0.00306748
9	88154941	0.275051
9	90150275	0.40184
9	91132865	0
9	91590422	0.586912
9	92742249	0.166667
9	92949934	0.0132924
9	93359724	0.122699
9	93432785	0.245399
9	93554540	0.0163599
9	94121330	0.222904
9	94343642	0.400818
9	94489212	0.0276074
9	95041636	0.283231
9	96133719	0.0276074
9	96701663	0.306748
9	100153559	0.291411
9	100233523	0.432515
9	102992687	0.0327198
9	103948758	0.660532
9	104382455	0.103272
9	104597048	0.390593
9	104791433	0.912065
9	105096394	0.485685
9	105858437	0.49591
9	107814518	0.308793
9	108016065	0.091002
9	108515500	0.162577
9	108714151	0.902863
9	109715273	0
9	109862714	0.091002
9	110270115	0.168712
9	111953707	0.0265849
9	112297928	0.202454
9	113459655	0.185072
9	113612783	0.109407
9	113966610	0.291411
9	114335218	0.121677
9	114410702	0.0501022
9	115446130	0.131902
9	116438348	0.0695297
9	116923991	0.115542
9	119213715	0.280164
9	119282870	0.634969
9	119775606	0.46728
9	120249360	0.200409
9	120470372	0.125767
9	121115184	0.601227
9	122455240	0.116564
9	124191252	0.836401
9	124750976	0.0153374
9	126620972	0.0316973
9	126840565	0.0869121
9	128910776	0.0102249
9	130183790	0.395706
9	130755320	0.758691
9	132074598	0.595092
9	132137256	0.0562372
9	132199199	0.753579
9	132524959	0.204499
9	134407305	0.972393
9	134818418	0.361963
9	135688538	0.127812
9	136009191	0.506135
9	137434547	0.238241
9	138121346	0.0613497
9	138440045	0.578732
9	138824310	0.785276
9	140690034	0.489775
9	140805683	0.00613497
